Automatically generated mesh
      90
Reciprocal lattice
    0.00000000000000    0.00000000000000    0.00000000000000             1
    0.06250000000000   -0.00000000000000    0.00000000000000             6
    0.12500000000000   -0.00000000000000    0.00000000000000             6
    0.18750000000000   -0.00000000000000    0.00000000000000             6
    0.25000000000000   -0.00000000000000    0.00000000000000             6
    0.31250000000000   -0.00000000000000    0.00000000000000             6
    0.37500000000000   -0.00000000000000    0.00000000000000             6
    0.43750000000000   -0.00000000000000    0.00000000000000             6
    0.50000000000000   -0.00000000000000    0.00000000000000             3
    0.06250000000000    0.06250000000000    0.00000000000000             6
    0.12500000000000    0.06250000000000    0.00000000000000            12
    0.18750000000000    0.06250000000000    0.00000000000000            12
    0.25000000000000    0.06250000000000    0.00000000000000            12
    0.31250000000000    0.06250000000000    0.00000000000000            12
    0.37500000000000    0.06250000000000    0.00000000000000            12
    0.43750000000000    0.06250000000000    0.00000000000000            12
    0.12500000000000    0.12500000000000    0.00000000000000             6
    0.18750000000000    0.12500000000000    0.00000000000000            12
    0.25000000000000    0.12500000000000    0.00000000000000            12
    0.31250000000000    0.12500000000000    0.00000000000000            12
    0.37500000000000    0.12500000000000    0.00000000000000            12
    0.43750000000000    0.12500000000000    0.00000000000000             6
    0.18750000000000    0.18750000000000    0.00000000000000             6
    0.25000000000000    0.18750000000000    0.00000000000000            12
    0.31250000000000    0.18750000000000    0.00000000000000            12
    0.37500000000000    0.18750000000000    0.00000000000000            12
    0.25000000000000    0.25000000000000    0.00000000000000             6
    0.31250000000000    0.25000000000000    0.00000000000000            12
    0.37500000000000    0.25000000000000    0.00000000000000             6
    0.31250000000000    0.31250000000000    0.00000000000000             6
    0.00000000000000    0.00000000000000    0.25000000000000             2
    0.06250000000000   -0.00000000000000    0.25000000000000            12
    0.12500000000000   -0.00000000000000    0.25000000000000            12
    0.18750000000000   -0.00000000000000    0.25000000000000            12
    0.25000000000000   -0.00000000000000    0.25000000000000            12
    0.31250000000000   -0.00000000000000    0.25000000000000            12
    0.37500000000000   -0.00000000000000    0.25000000000000            12
    0.43750000000000   -0.00000000000000    0.25000000000000            12
    0.50000000000000   -0.00000000000000    0.25000000000000             6
    0.06250000000000    0.06250000000000    0.25000000000000            12
    0.12500000000000    0.06250000000000    0.25000000000000            24
    0.18750000000000    0.06250000000000    0.25000000000000            24
    0.25000000000000    0.06250000000000    0.25000000000000            24
    0.31250000000000    0.06250000000000    0.25000000000000            24
    0.37500000000000    0.06250000000000    0.25000000000000            24
    0.43750000000000    0.06250000000000    0.25000000000000            24
    0.12500000000000    0.12500000000000    0.25000000000000            12
    0.18750000000000    0.12500000000000    0.25000000000000            24
    0.25000000000000    0.12500000000000    0.25000000000000            24
    0.31250000000000    0.12500000000000    0.25000000000000            24
    0.37500000000000    0.12500000000000    0.25000000000000            24
    0.43750000000000    0.12500000000000    0.25000000000000            12
    0.18750000000000    0.18750000000000    0.25000000000000            12
    0.25000000000000    0.18750000000000    0.25000000000000            24
    0.31250000000000    0.18750000000000    0.25000000000000            24
    0.37500000000000    0.18750000000000    0.25000000000000            24
    0.25000000000000    0.25000000000000    0.25000000000000            12
    0.31250000000000    0.25000000000000    0.25000000000000            24
    0.37500000000000    0.25000000000000    0.25000000000000            12
    0.31250000000000    0.31250000000000    0.25000000000000            12
    0.00000000000000    0.00000000000000    0.50000000000000             1
    0.06250000000000   -0.00000000000000    0.50000000000000             6
    0.12500000000000   -0.00000000000000    0.50000000000000             6
    0.18750000000000   -0.00000000000000    0.50000000000000             6
    0.25000000000000   -0.00000000000000    0.50000000000000             6
    0.31250000000000   -0.00000000000000    0.50000000000000             6
    0.37500000000000   -0.00000000000000    0.50000000000000             6
    0.43750000000000   -0.00000000000000    0.50000000000000             6
    0.50000000000000   -0.00000000000000    0.50000000000000             3
    0.06250000000000    0.06250000000000    0.50000000000000             6
    0.12500000000000    0.06250000000000    0.50000000000000            12
    0.18750000000000    0.06250000000000    0.50000000000000            12
    0.25000000000000    0.06250000000000    0.50000000000000            12
    0.31250000000000    0.06250000000000    0.50000000000000            12
    0.37500000000000    0.06250000000000    0.50000000000000            12
    0.43750000000000    0.06250000000000    0.50000000000000            12
    0.12500000000000    0.12500000000000    0.50000000000000             6
    0.18750000000000    0.12500000000000    0.50000000000000            12
    0.25000000000000    0.12500000000000    0.50000000000000            12
    0.31250000000000    0.12500000000000    0.50000000000000            12
    0.37500000000000    0.12500000000000    0.50000000000000            12
    0.43750000000000    0.12500000000000    0.50000000000000             6
    0.18750000000000    0.18750000000000    0.50000000000000             6
    0.25000000000000    0.18750000000000    0.50000000000000            12
    0.31250000000000    0.18750000000000    0.50000000000000            12
    0.37500000000000    0.18750000000000    0.50000000000000            12
    0.25000000000000    0.25000000000000    0.50000000000000             6
    0.31250000000000    0.25000000000000    0.50000000000000            12
    0.37500000000000    0.25000000000000    0.50000000000000             6
    0.31250000000000    0.31250000000000    0.50000000000000             6
Tetrahedra
      1056    0.00016276041667
         8         2         2        10        32
         8         1         2         2        32
         4         1         2        31        32
         4         2        10        32        40
         8         2        32        32        40
         8         2        31        32        32
         8         3        10        11        40
         8         2         3        10        40
         4         2         3        32        40
         4         3        11        40        41
         8         3        33        40        41
         8         3        32        33        40
         8         4        11        12        41
         8         3         4        11        41
         4         3         4        33        41
         4         4        12        41        42
         8         4        34        41        42
         8         4        33        34        41
         8         5        12        13        42
         8         4         5        12        42
         4         4         5        34        42
         4         5        13        42        43
         8         5        35        42        43
         8         5        34        35        42
         8         6        13        14        43
         8         5         6        13        43
         4         5         6        35        43
         4         6        14        43        44
         8         6        36        43        44
         8         6        35        36        43
         8         7        14        15        44
         8         6         7        14        44
         4         6         7        36        44
         4         7        15        44        45
         8         7        37        44        45
         8         7        36        37        44
         8         8        15        16        45
         8         7         8        15        45
         4         7         8        37        45
         4         8        16        45        46
         8         8        38        45        46
         8         8        37        38        45
         8         9        16        16        46
         8         8         9        16        46
         4         8         9        38        46
         4         9        16        46        46
         4         9        39        46        46
         8         9        38        39        46
         8         8        15        16        46
         4         8         9        39        46
         4         8        15        45        46
         8         8        38        39        46
         8         7        14        15        45
         4         7         8        38        45
         4         7        14        44        45
         8         7        37        38        45
         8         6        13        14        44
         4         6         7        37        44
         4         6        13        43        44
         8         6        36        37        44
         8         5        12        13        43
         4         5         6        36        43
         4         5        12        42        43
         8         5        35        36        43
         8         4        11        12        42
         4         4         5        35        42
         4         4        11        41        42
         8         4        34        35        42
         8         3        10        11        41
         4         3         4        34        41
         4         3        10        40        41
         8         3        33        34        41
         4         2         2        10        40
         4         2         3        33        40
         4         2         2        32        40
         8         2        32        33        40
         4         1         2        32        32
         4         1        31        32        32
         8         3        10        11        33
         8         2         3        10        33
         4         2        10        32        33
         4        10        11        33        41
         8        10        33        40        41
         8        10        32        33        40
         8        11        11        17        41
         8        10        11        11        41
         4        10        11        40        41
         4        11        17        41        47
         8        11        41        41        47
         8        11        40        41        41
         8        12        17        18        47
         8        11        12        17        47
         4        11        12        41        47
         4        12        18        47        48
         8        12        42        47        48
         8        12        41        42        47
         8        13        18        19        48
         8        12        13        18        48
         4        12        13        42        48
         4        13        19        48        49
         8        13        43        48        49
         8        13        42        43        48
         8        14        19        20        49
         8        13        14        19        49
         4        13        14        43        49
         4        14        20        49        50
         8        14        44        49        50
         8        14        43        44        49
         8        15        20        21        50
         8        14        15        20        50
         4        14        15        44        50
         4        15        21        50        51
         8        15        45        50        51
         8        15        44        45        50
         8        16        21        22        51
         8        15        16        21        51
         4        15        16        45        51
         4        16        22        51        52
         8        16        46        51        52
         8        16        45        46        51
         8        16        21        22        52
         4        16        16        22        52
         4        16        16        46        52
         4        16        21        51        52
         8        16        46        46        52
         8        15        20        21        51
         4        15        16        46        51
         4        15        20        50        51
         8        15        45        46        51
         8        14        19        20        50
         4        14        15        45        50
         4        14        19        49        50
         8        14        44        45        50
         8        13        18        19        49
         4        13        14        44        49
         4        13        18        48        49
         8        13        43        44        49
         8        12        17        18        48
         4        12        13        43        48
         4        12        17        47        48
         8        12        42        43        48
         4        11        11        17        47
         4        11        12        42        47
         4        11        11        41        47
         8        11        41        42        47
         4        10        11        41        41
         4         3        10        33        41
         4        10        40        41        41
         4         2        10        33        40
         8         4        11        12        34
         8         3         4        11        34
         4         3        11        33        34
         4        11        12        34        42
         8        11        34        41        42
         8        11        33        34        41
         8        12        17        18        42
         8        11        12        17        42
         4        11        17        41        42
         4        17        18        42        48
         8        17        42        47        48
         8        17        41        42        47
         8        18        18        23        48
         8        17        18        18        48
         4        17        18        47        48
         4        18        23        48        53
         8        18        48        48        53
         8        18        47        48        48
         8        19        23        24        53
         8        18        19        23        53
         4        18        19        48        53
         4        19        24        53        54
         8        19        49        53        54
         8        19        48        49        53
         8        20        24        25        54
         8        19        20        24        54
         4        19        20        49        54
         4        20        25        54        55
         8        20        50        54        55
         8        20        49        50        54
         8        21        25        26        55
         8        20        21        25        55
         4        20        21        50        55
         4        21        26        55        56
         8        21        51        55        56
         8        21        50        51        55
         8        22        26        26        56
         8        21        22        26        56
         4        21        22        51        56
         4        22        26        56        56
         4        22        52        56        56
         8        22        51        52        56
         8        21        25        26        56
         4        21        22        52        56
         4        21        25        55        56
         8        21        51        52        56
         8        20        24        25        55
         4        20        21        51        55
         4        20        24        54        55
         8        20        50        51        55
         8        19        23        24        54
         4        19        20        50        54
         4        19        23        53        54
         8        19        49        50        54
         4        18        18        23        53
         4        18        19        49        53
         4        18        18        48        53
         8        18        48        49        53
         4        17        18        48        48
         4        12        17        42        48
         4        17        47        48        48
         4        11        17        42        47
         4         4        11        34        42
         4         3        11        34        41
         8         5        12        13        35
         8         4         5        12        35
         4         4        12        34        35
         4        12        13        35        43
         8        12        35        42        43
         8        12        34        35        42
         8        13        18        19        43
         8        12        13        18        43
         4        12        18        42        43
         4        18        19        43        49
         8        18        43        48        49
         8        18        42        43        48
         8        19        23        24        49
         8        18        19        23        49
         4        18        23        48        49
         4        23        24        49        54
         8        23        49        53        54
         8        23        48        49        53
         8        24        24        27        54
         8        23        24        24        54
         4        23        24        53        54
         4        24        27        54        57
         8        24        54        54        57
         8        24        53        54        54
         8        25        27        28        57
         8        24        25        27        57
         4        24        25        54        57
         4        25        28        57        58
         8        25        55        57        58
         8        25        54        55        57
         8        26        28        29        58
         8        25        26        28        58
         4        25        26        55        58
         4        26        29        58        59
         8        26        56        58        59
         8        26        55        56        58
         8        26        28        29        59
         4        26        26        29        59
         4        26        26        56        59
         4        26        28        58        59
         8        26        56        56        59
         8        25        27        28        58
         4        25        26        56        58
         4        25        27        57        58
         8        25        55        56        58
         4        24        24        27        57
         4        24        25        55        57
         4        24        24        54        57
         8        24        54        55        57
         4        23        24        54        54
         4        19        23        49        54
         4        23        53        54        54
         4        18        23        49        53
         4        13        18        43        49
         4        12        18        43        48
         4         5        12        35        43
         4         4        12        35        42
         8         6        13        14        36
         8         5         6        13        36
         4         5        13        35        36
         4        13        14        36        44
         8        13        36        43        44
         8        13        35        36        43
         8        14        19        20        44
         8        13        14        19        44
         4        13        19        43        44
         4        19        20        44        50
         8        19        44        49        50
         8        19        43        44        49
         8        20        24        25        50
         8        19        20        24        50
         4        19        24        49        50
         4        24        25        50        55
         8        24        50        54        55
         8        24        49        50        54
         8        25        27        28        55
         8        24        25        27        55
         4        24        27        54        55
         4        27        28        55        58
         8        27        55        57        58
         8        27        54        55        57
         8        28        28        30        58
         8        27        28        28        58
         4        27        28        57        58
         4        28        30        58        60
         8        28        58        58        60
         8        28        57        58        58
         8        29        30        30        60
         8        28        29        30        60
         4        28        29        58        60
         4        29        30        60        60
         4        29        59        60        60
         8        29        58        59        60
         4        28        28        30        60
         4        28        29        59        60
         4        28        28        58        60
         8        28        58        59        60
         4        27        28        58        58
         4        25        27        55        58
         4        27        57        58        58
         4        24        27        55        57
         4        20        24        50        55
         4        19        24        50        54
         4        14        19        44        50
         4        13        19        44        49
         4         6        13        36        44
         4         5        13        36        43
         8         7        14        15        37
         8         6         7        14        37
         4         6        14        36        37
         4        14        15        37        45
         8        14        37        44        45
         8        14        36        37        44
         8        15        20        21        45
         8        14        15        20        45
         4        14        20        44        45
         4        20        21        45        51
         8        20        45        50        51
         8        20        44        45        50
         8        21        25        26        51
         8        20        21        25        51
         4        20        25        50        51
         4        25        26        51        56
         8        25        51        55        56
         8        25        50        51        55
         8        26        28        29        56
         8        25        26        28        56
         4        25        28        55        56
         4        28        29        56        59
         8        28        56        58        59
         8        28        55        56        58
         4        29        30        30        59
         8        28        29        30        59
         4        28        30        58        59
         4        30        30        59        60
         8        30        59        60        60
         8        30        58        59        60
         4        30        30        30        60
         4        30        30        60        60
         4        29        30        59        60
         4        30        60        60        60
         4        28        30        59        60
         4        26        28        56        59
         4        25        28        56        58
         4        21        25        51        56
         4        20        25        51        55
         4        15        20        45        51
         4        14        20        45        50
         4         7        14        37        45
         4         6        14        37        44
         8         8        15        16        38
         8         7         8        15        38
         4         7        15        37        38
         4        15        16        38        46
         8        15        38        45        46
         8        15        37        38        45
         8        16        21        22        46
         8        15        16        21        46
         4        15        21        45        46
         4        21        22        46        52
         8        21        46        51        52
         8        21        45        46        51
         4        22        26        26        52
         8        21        22        26        52
         4        21        26        51        52
         4        26        26        52        56
         8        26        52        56        56
         8        26        51        52        56
         8        26        26        29        56
         4        26        29        56        56
         4        28        29        56        58
         8        29        56        58        59
         4        29        56        56        59
         8        28        29        30        58
         4        29        30        58        59
         4        28        30        58        58
         4        30        58        58        60
         4        29        30        58        60
         4        26        29        56        58
         4        26        29        56        59
         4        22        26        52        56
         4        21        26        52        56
         4        16        21        46        52
         4        15        21        46        51
         4         8        15        38        46
         4         7        15        38        45
         4         9        16        16        39
         8         8         9        16        39
         4         8        16        38        39
         4        16        16        39        46
         8        16        39        46        46
         8        16        38        39        46
         8        16        16        22        46
         4        16        22        46        46
         4        21        22        46        51
         8        22        46        51        52
         4        22        46        46        52
         8        21        22        26        51
         4        22        26        51        52
         4        25        26        51        55
         8        26        51        55        56
         8        25        26        28        55
         4        26        28        55        56
         4        27        28        55        57
         8        28        55        57        58
         4        27        28        28        57
         4        28        28        57        58
         4        25        28        55        57
         4        26        28        55        58
         4        21        26        51        55
         4        22        26        51        56
         4        16        22        46        51
         4        16        22        46        52
         4         9        16        39        46
         4         8        16        39        46
         8         8         9        16        38
         4         9        16        38        39
         4        15        16        38        45
         8        16        38        45        46
         8        15        16        21        45
         4        16        21        45        46
         4        20        21        45        50
         8        21        45        50        51
         8        20        21        25        50
         4        21        25        50        51
         4        24        25        50        54
         8        25        50        54        55
         8        24        25        27        54
         4        25        27        54        55
         4        24        27        54        54
         4        27        54        54        57
         4        25        27        54        57
         4        20        25        50        54
         4        21        25        50        55
         4        15        21        45        50
         4        16        21        45        51
         4         8        16        38        45
         4         9        16        38        46
         8         7         8        15        37
         4         8        15        37        38
         4        14        15        37        44
         8        15        37        44        45
         8        14        15        20        44
         4        15        20        44        45
         4        19        20        44        49
         8        20        44        49        50
         8        19        20        24        49
         4        20        24        49        50
         4        23        24        49        53
         8        24        49        53        54
         4        23        24        24        53
         4        24        24        53        54
         4        19        24        49        53
         4        20        24        49        54
         4        14        20        44        49
         4        15        20        44        50
         4         7        15        37        44
         4         8        15        37        45
         8         6         7        14        36
         4         7        14        36        37
         4        13        14        36        43
         8        14        36        43        44
         8        13        14        19        43
         4        14        19        43        44
         4        18        19        43        48
         8        19        43        48        49
         8        18        19        23        48
         4        19        23        48        49
         4        18        23        48        48
         4        23        48        48        53
         4        19        23        48        53
         4        13        19        43        48
         4        14        19        43        49
         4         6        14        36        43
         4         7        14        36        44
         8         5         6        13        35
         4         6        13        35        36
         4        12        13        35        42
         8        13        35        42        43
         8        12        13        18        42
         4        13        18        42        43
         4        17        18        42        47
         8        18        42        47        48
         4        17        18        18        47
         4        18        18        47        48
         4        12        18        42        47
         4        13        18        42        48
         4         5        13        35        42
         4         6        13        35        43
         8         4         5        12        34
         4         5        12        34        35
         4        11        12        34        41
         8        12        34        41        42
         8        11        12        17        41
         4        12        17        41        42
         4        11        17        41        41
         4        17        41        41        47
         4        12        17        41        47
         4         4        12        34        41
         4         5        12        34        42
         8         3         4        11        33
         4         4        11        33        34
         4        10        11        33        40
         8        11        33        40        41
         4        10        11        11        40
         4        11        11        40        41
         4         3        11        33        40
         4         4        11        33        41
         8         2         3        10        32
         4         3        10        32        33
         4         2        10        32        32
         4        10        32        32        40
         4         3        10        32        40
         4         1         2         2        31
         4         2         2        31        32
         8        32        32        40        62
         8        31        32        32        62
         4        31        32        61        62
         4        32        40        62        70
         8        32        62        62        70
         8        32        61        62        62
         8        33        40        41        70
         8        32        33        40        70
         4        32        33        62        70
         4        33        41        70        71
         8        33        63        70        71
         8        33        62        63        70
         8        34        41        42        71
         8        33        34        41        71
         4        33        34        63        71
         4        34        42        71        72
         8        34        64        71        72
         8        34        63        64        71
         8        35        42        43        72
         8        34        35        42        72
         4        34        35        64        72
         4        35        43        72        73
         8        35        65        72        73
         8        35        64        65        72
         8        36        43        44        73
         8        35        36        43        73
         4        35        36        65        73
         4        36        44        73        74
         8        36        66        73        74
         8        36        65        66        73
         8        37        44        45        74
         8        36        37        44        74
         4        36        37        66        74
         4        37        45        74        75
         8        37        67        74        75
         8        37        66        67        74
         8        38        45        46        75
         8        37        38        45        75
         4        37        38        67        75
         4        38        46        75        76
         8        38        68        75        76
         8        38        67        68        75
         8        39        46        46        76
         8        38        39        46        76
         4        38        39        68        76
         4        39        46        76        76
         4        39        69        76        76
         8        39        68        69        76
         8        38        45        46        76
         4        38        39        69        76
         4        38        45        75        76
         8        38        68        69        76
         8        37        44        45        75
         4        37        38        68        75
         4        37        44        74        75
         8        37        67        68        75
         8        36        43        44        74
         4        36        37        67        74
         4        36        43        73        74
         8        36        66        67        74
         8        35        42        43        73
         4        35        36        66        73
         4        35        42        72        73
         8        35        65        66        73
         8        34        41        42        72
         4        34        35        65        72
         4        34        41        71        72
         8        34        64        65        72
         8        33        40        41        71
         4        33        34        64        71
         4        33        40        70        71
         8        33        63        64        71
         4        32        32        40        70
         4        32        33        63        70
         4        32        32        62        70
         8        32        62        63        70
         4        31        32        62        62
         4        31        61        62        62
         8        33        40        41        63
         8        32        33        40        63
         4        32        40        62        63
         4        40        41        63        71
         8        40        63        70        71
         8        40        62        63        70
         8        41        41        47        71
         8        40        41        41        71
         4        40        41        70        71
         4        41        47        71        77
         8        41        71        71        77
         8        41        70        71        71
         8        42        47        48        77
         8        41        42        47        77
         4        41        42        71        77
         4        42        48        77        78
         8        42        72        77        78
         8        42        71        72        77
         8        43        48        49        78
         8        42        43        48        78
         4        42        43        72        78
         4        43        49        78        79
         8        43        73        78        79
         8        43        72        73        78
         8        44        49        50        79
         8        43        44        49        79
         4        43        44        73        79
         4        44        50        79        80
         8        44        74        79        80
         8        44        73        74        79
         8        45        50        51        80
         8        44        45        50        80
         4        44        45        74        80
         4        45        51        80        81
         8        45        75        80        81
         8        45        74        75        80
         8        46        51        52        81
         8        45        46        51        81
         4        45        46        75        81
         4        46        52        81        82
         8        46        76        81        82
         8        46        75        76        81
         8        46        51        52        82
         4        46        46        52        82
         4        46        46        76        82
         4        46        51        81        82
         8        46        76        76        82
         8        45        50        51        81
         4        45        46        76        81
         4        45        50        80        81
         8        45        75        76        81
         8        44        49        50        80
         4        44        45        75        80
         4        44        49        79        80
         8        44        74        75        80
         8        43        48        49        79
         4        43        44        74        79
         4        43        48        78        79
         8        43        73        74        79
         8        42        47        48        78
         4        42        43        73        78
         4        42        47        77        78
         8        42        72        73        78
         4        41        41        47        77
         4        41        42        72        77
         4        41        41        71        77
         8        41        71        72        77
         4        40        41        71        71
         4        33        40        63        71
         4        40        70        71        71
         4        32        40        63        70
         8        34        41        42        64
         8        33        34        41        64
         4        33        41        63        64
         4        41        42        64        72
         8        41        64        71        72
         8        41        63        64        71
         8        42        47        48        72
         8        41        42        47        72
         4        41        47        71        72
         4        47        48        72        78
         8        47        72        77        78
         8        47        71        72        77
         8        48        48        53        78
         8        47        48        48        78
         4        47        48        77        78
         4        48        53        78        83
         8        48        78        78        83
         8        48        77        78        78
         8        49        53        54        83
         8        48        49        53        83
         4        48        49        78        83
         4        49        54        83        84
         8        49        79        83        84
         8        49        78        79        83
         8        50        54        55        84
         8        49        50        54        84
         4        49        50        79        84
         4        50        55        84        85
         8        50        80        84        85
         8        50        79        80        84
         8        51        55        56        85
         8        50        51        55        85
         4        50        51        80        85
         4        51        56        85        86
         8        51        81        85        86
         8        51        80        81        85
         8        52        56        56        86
         8        51        52        56        86
         4        51        52        81        86
         4        52        56        86        86
         4        52        82        86        86
         8        52        81        82        86
         8        51        55        56        86
         4        51        52        82        86
         4        51        55        85        86
         8        51        81        82        86
         8        50        54        55        85
         4        50        51        81        85
         4        50        54        84        85
         8        50        80        81        85
         8        49        53        54        84
         4        49        50        80        84
         4        49        53        83        84
         8        49        79        80        84
         4        48        48        53        83
         4        48        49        79        83
         4        48        48        78        83
         8        48        78        79        83
         4        47        48        78        78
         4        42        47        72        78
         4        47        77        78        78
         4        41        47        72        77
         4        34        41        64        72
         4        33        41        64        71
         8        35        42        43        65
         8        34        35        42        65
         4        34        42        64        65
         4        42        43        65        73
         8        42        65        72        73
         8        42        64        65        72
         8        43        48        49        73
         8        42        43        48        73
         4        42        48        72        73
         4        48        49        73        79
         8        48        73        78        79
         8        48        72        73        78
         8        49        53        54        79
         8        48        49        53        79
         4        48        53        78        79
         4        53        54        79        84
         8        53        79        83        84
         8        53        78        79        83
         8        54        54        57        84
         8        53        54        54        84
         4        53        54        83        84
         4        54        57        84        87
         8        54        84        84        87
         8        54        83        84        84
         8        55        57        58        87
         8        54        55        57        87
         4        54        55        84        87
         4        55        58        87        88
         8        55        85        87        88
         8        55        84        85        87
         8        56        58        59        88
         8        55        56        58        88
         4        55        56        85        88
         4        56        59        88        89
         8        56        86        88        89
         8        56        85        86        88
         8        56        58        59        89
         4        56        56        59        89
         4        56        56        86        89
         4        56        58        88        89
         8        56        86        86        89
         8        55        57        58        88
         4        55        56        86        88
         4        55        57        87        88
         8        55        85        86        88
         4        54        54        57        87
         4        54        55        85        87
         4        54        54        84        87
         8        54        84        85        87
         4        53        54        84        84
         4        49        53        79        84
         4        53        83        84        84
         4        48        53        79        83
         4        43        48        73        79
         4        42        48        73        78
         4        35        42        65        73
         4        34        42        65        72
         8        36        43        44        66
         8        35        36        43        66
         4        35        43        65        66
         4        43        44        66        74
         8        43        66        73        74
         8        43        65        66        73
         8        44        49        50        74
         8        43        44        49        74
         4        43        49        73        74
         4        49        50        74        80
         8        49        74        79        80
         8        49        73        74        79
         8        50        54        55        80
         8        49        50        54        80
         4        49        54        79        80
         4        54        55        80        85
         8        54        80        84        85
         8        54        79        80        84
         8        55        57        58        85
         8        54        55        57        85
         4        54        57        84        85
         4        57        58        85        88
         8        57        85        87        88
         8        57        84        85        87
         8        58        58        60        88
         8        57        58        58        88
         4        57        58        87        88
         4        58        60        88        90
         8        58        88        88        90
         8        58        87        88        88
         8        59        60        60        90
         8        58        59        60        90
         4        58        59        88        90
         4        59        60        90        90
         4        59        89        90        90
         8        59        88        89        90
         4        58        58        60        90
         4        58        59        89        90
         4        58        58        88        90
         8        58        88        89        90
         4        57        58        88        88
         4        55        57        85        88
         4        57        87        88        88
         4        54        57        85        87
         4        50        54        80        85
         4        49        54        80        84
         4        44        49        74        80
         4        43        49        74        79
         4        36        43        66        74
         4        35        43        66        73
         8        37        44        45        67
         8        36        37        44        67
         4        36        44        66        67
         4        44        45        67        75
         8        44        67        74        75
         8        44        66        67        74
         8        45        50        51        75
         8        44        45        50        75
         4        44        50        74        75
         4        50        51        75        81
         8        50        75        80        81
         8        50        74        75        80
         8        51        55        56        81
         8        50        51        55        81
         4        50        55        80        81
         4        55        56        81        86
         8        55        81        85        86
         8        55        80        81        85
         8        56        58        59        86
         8        55        56        58        86
         4        55        58        85        86
         4        58        59        86        89
         8        58        86        88        89
         8        58        85        86        88
         4        59        60        60        89
         8        58        59        60        89
         4        58        60        88        89
         4        60        60        89        90
         8        60        89        90        90
         8        60        88        89        90
         4        60        60        60        90
         4        60        60        90        90
         4        59        60        89        90
         4        60        90        90        90
         4        58        60        89        90
         4        56        58        86        89
         4        55        58        86        88
         4        51        55        81        86
         4        50        55        81        85
         4        45        50        75        81
         4        44        50        75        80
         4        37        44        67        75
         4        36        44        67        74
         8        38        45        46        68
         8        37        38        45        68
         4        37        45        67        68
         4        45        46        68        76
         8        45        68        75        76
         8        45        67        68        75
         8        46        51        52        76
         8        45        46        51        76
         4        45        51        75        76
         4        51        52        76        82
         8        51        76        81        82
         8        51        75        76        81
         4        52        56        56        82
         8        51        52        56        82
         4        51        56        81        82
         4        56        56        82        86
         8        56        82        86        86
         8        56        81        82        86
         8        56        56        59        86
         4        56        59        86        86
         4        58        59        86        88
         8        59        86        88        89
         4        59        86        86        89
         8        58        59        60        88
         4        59        60        88        89
         4        58        60        88        88
         4        60        88        88        90
         4        59        60        88        90
         4        56        59        86        88
         4        56        59        86        89
         4        52        56        82        86
         4        51        56        82        86
         4        46        51        76        82
         4        45        51        76        81
         4        38        45        68        76
         4        37        45        68        75
         4        39        46        46        69
         8        38        39        46        69
         4        38        46        68        69
         4        46        46        69        76
         8        46        69        76        76
         8        46        68        69        76
         8        46        46        52        76
         4        46        52        76        76
         4        51        52        76        81
         8        52        76        81        82
         4        52        76        76        82
         8        51        52        56        81
         4        52        56        81        82
         4        55        56        81        85
         8        56        81        85        86
         8        55        56        58        85
         4        56        58        85        86
         4        57        58        85        87
         8        58        85        87        88
         4        57        58        58        87
         4        58        58        87        88
         4        55        58        85        87
         4        56        58        85        88
         4        51        56        81        85
         4        52        56        81        86
         4        46        52        76        81
         4        46        52        76        82
         4        39        46        69        76
         4        38        46        69        76
         8        38        39        46        68
         4        39        46        68        69
         4        45        46        68        75
         8        46        68        75        76
         8        45        46        51        75
         4        46        51        75        76
         4        50        51        75        80
         8        51        75        80        81
         8        50        51        55        80
         4        51        55        80        81
         4        54        55        80        84
         8        55        80        84        85
         8        54        55        57        84
         4        55        57        84        85
         4        54        57        84        84
         4        57        84        84        87
         4        55        57        84        87
         4        50        55        80        84
         4        51        55        80        85
         4        45        51        75        80
         4        46        51        75        81
         4        38        46        68        75
         4        39        46        68        76
         8        37        38        45        67
         4        38        45        67        68
         4        44        45        67        74
         8        45        67        74        75
         8        44        45        50        74
         4        45        50        74        75
         4        49        50        74        79
         8        50        74        79        80
         8        49        50        54        79
         4        50        54        79        80
         4        53        54        79        83
         8        54        79        83        84
         4        53        54        54        83
         4        54        54        83        84
         4        49        54        79        83
         4        50        54        79        84
         4        44        50        74        79
         4        45        50        74        80
         4        37        45        67        74
         4        38        45        67        75
         8        36        37        44        66
         4        37        44        66        67
         4        43        44        66        73
         8        44        66        73        74
         8        43        44        49        73
         4        44        49        73        74
         4        48        49        73        78
         8        49        73        78        79
         8        48        49        53        78
         4        49        53        78        79
         4        48        53        78        78
         4        53        78        78        83
         4        49        53        78        83
         4        43        49        73        78
         4        44        49        73        79
         4        36        44        66        73
         4        37        44        66        74
         8        35        36        43        65
         4        36        43        65        66
         4        42        43        65        72
         8        43        65        72        73
         8        42        43        48        72
         4        43        48        72        73
         4        47        48        72        77
         8        48        72        77        78
         4        47        48        48        77
         4        48        48        77        78
         4        42        48        72        77
         4        43        48        72        78
         4        35        43        65        72
         4        36        43        65        73
         8        34        35        42        64
         4        35        42        64        65
         4        41        42        64        71
         8        42        64        71        72
         8        41        42        47        71
         4        42        47        71        72
         4        41        47        71        71
         4        47        71        71        77
         4        42        47        71        77
         4        34        42        64        71
         4        35        42        64        72
         8        33        34        41        63
         4        34        41        63        64
         4        40        41        63        70
         8        41        63        70        71
         4        40        41        41        70
         4        41        41        70        71
         4        33        41        63        70
         4        34        41        63        71
         8        32        33        40        62
         4        33        40        62        63
         4        32        40        62        62
         4        40        62        62        70
         4        33        40        62        70
         4        31        32        32        61
         4        32        32        61        62
