Gap	Band#	VBM	CBM	VBM-occ	CBM-occ	File
  1.8083   18  -0.1914   1.6169   100
  1.7264   18  -0.4136   1.3128   200
  1.7144   18  -0.4235   1.2909   250
  1.7160   18  -0.4269   1.2891   300
  1.7172   18  -0.4269   1.2903   350
  1.7175   18  -0.4269   1.2906   400
  1.7177   18  -0.4369   1.2808   450
  1.7176   18  -0.4273   1.2903   500
  1.7176   18  -0.4273   1.2903   550
  1.7180   18  -0.4281   1.2899   600
  1.7177   18  -0.4273   1.2904   650
  1.7176   18  -0.4274   1.2902   700
  1.7177   18  -0.4274   1.2903   750
  1.7177   18  -0.4274   1.2903   800
  1.7185   18  -0.4270   1.2915   850
  1.7178   18  -0.4274   1.2904   900
  1.7176   18  -0.4273   1.2903   950
  1.7174   18  -0.4280   1.2894   1000
