Gap	Band#	VBM	CBM	VBM-occ	CBM-occ	File
  1.6343   18   3.3198   4.9541   200
  1.6211   18   3.3052   4.9263   250
  1.6235   18   3.2994   4.9229   300
  1.6250   18   3.2984   4.9234   350
  1.6252   18   3.2986   4.9238   400
  1.6253   18   3.2984   4.9237   450
  1.6253   18   3.2982   4.9235   500
  1.6253   18   3.2981   4.9234   550
  1.6254   18   3.2982   4.9236   600
  1.6253   18   3.2983   4.9236   650
  1.6254   18   3.2981   4.9235   700
  1.6254   18   3.2982   4.9236   750
  1.6253   18   3.2983   4.9236   800
  1.6255   18   3.2982   4.9237   850
  1.6254   18   3.2980   4.9234   900
  1.6255   18   3.2984   4.9239   950
  1.6254   18   3.2981   4.9235   1000