-16.63000000   0.00000000   0.00000000 
-16.62000000   0.00000000   0.00000000 
-16.61000000   0.00000000   0.00000000 
-16.60000000   0.00000000   0.00000000 
-16.59000000   0.00000000   0.00000000 
-16.58000000   0.00000000   0.00000000 
-16.57000000   0.00000000   0.00000000 
-16.56000000   0.00000000   0.00000000 
-16.55000000   0.00000000   0.00000000 
-16.54000000   0.00000000   0.00000000 
-16.53000000   0.00000000   0.00000000 
-16.52000000   0.00000000   0.00000000 
-16.51000000   0.00000000   0.00000000 
-16.50000000   0.00000000   0.00000000 
-16.49000000   0.00000000   0.00000000 
-16.48000000   0.00000000   0.00000000 
-16.47000000   0.00000000   0.00000000 
-16.46000000   0.00000000   0.00000000 
-16.45000000   0.00000000   0.00000000 
-16.44000000   0.00000000   0.00000000 
-16.43000000   0.00000000   0.00000000 
-16.42000000   0.00000000   0.00000000 
-16.41000000   0.00000000   0.00000000 
-16.40000000   0.00000000   0.00000000 
-16.39000000   0.00000000   0.00000000 
-16.38000000   0.00000000   0.00000000 
-16.37000000   0.00000000   0.00000000 
-16.36000000   0.00000000   0.00000000 
-16.35000000   0.00000000   0.00000000 
-16.34000000   0.00000000   0.00000000 
-16.33000000   0.00000000   0.00000000 
-16.32000000   0.00000000   0.00000000 
-16.31000000   0.00000000   0.00000000 
-16.30000000   0.00000000   0.00000000 
-16.29000000   0.00000000   0.00000000 
-16.28000000   0.00000000   0.00000000 
-16.27000000   0.00000000   0.00000000 
-16.26000000   0.00000000   0.00000000 
-16.25000000   0.00000000   0.00000000 
-16.24000000   0.00000000   0.00000000 
-16.23000000   0.00000000   0.00000000 
-16.22000000   0.00000000   0.00000000 
-16.21000000   0.00000000   0.00000000 
-16.20000000   0.00000000   0.00000000 
-16.19000000   0.00000000   0.00000000 
-16.18000000   0.00000000   0.00000000 
-16.17000000   0.00000000   0.00000000 
-16.16000000   0.00000000   0.00000000 
-16.15000000   0.00000000   0.00000000 
-16.14000000   0.00000000   0.00000000 
-16.13000000   0.00000000   0.00000000 
-16.12000000   0.00000000   0.00000000 
-16.11000000   0.00000000   0.00000000 
-16.10000000   0.00000000   0.00000000 
-16.09000000   0.00000000   0.00000000 
-16.08000000   0.00000000   0.00000000 
-16.07000000   0.00000000   0.00000000 
-16.06000000   0.00000000   0.00000000 
-16.05000000   0.00000000   0.00000000 
-16.04000000   0.00000000   0.00000000 
-16.03000000   0.00000000   0.00000000 
-16.02000000   0.00000000   0.00000000 
-16.01000000   0.00000000   0.00000000 
-16.00000000   0.00000000   0.00000000 
-15.99000000   0.00000000   0.00000000 
-15.98000000   0.00000000   0.00000000 
-15.97000000   0.00000000   0.00000000 
-15.96000000   0.00000000   0.00000000 
-15.95000000   0.00000000   0.00000000 
-15.94000000   0.00000000   0.00000000 
-15.93000000   0.00000000   0.00000000 
-15.92000000   0.00000000   0.00000000 
-15.91000000   0.00000000   0.00000000 
-15.90000000   0.00000000   0.00000000 
-15.89000000   0.00000000   0.00000000 
-15.88000000   0.00000000   0.00000000 
-15.87000000   0.00000000   0.00000000 
-15.86000000   0.00000000   0.00000000 
-15.85000000   0.00000000   0.00000000 
-15.84000000   0.00000000   0.00000000 
-15.83000000   0.00000000   0.00000000 
-15.82000000   0.00000000   0.00000000 
-15.81000000   0.00000000   0.00000000 
-15.80000000   0.00000000   0.00000000 
-15.79000000   0.00000000   0.00000000 
-15.78000000   0.00000000   0.00000000 
-15.77000000   0.00000000   0.00000000 
-15.76000000   0.00000000   0.00000000 
-15.75000000   0.00000000   0.00000000 
-15.74000000   0.00000000   0.00000000 
-15.73000000   0.00000000   0.00000000 
-15.72000000   0.00000000   0.00000000 
-15.71000000   0.00000000   0.00000000 
-15.70000000   0.00000000   0.00000000 
-15.69000000   0.00000000   0.00000000 
-15.68000000   0.00000000   0.00000000 
-15.67000000   0.00000000   0.00000000 
-15.66000000   0.00000000   0.00000000 
-15.65000000   0.00000000   0.00000000 
-15.64000000   0.00000000   0.00000000 
-15.63000000   0.00000000   0.00000000 
-15.62000000   0.00000000   0.00000000 
-15.61000000   0.00000000   0.00000000 
-15.60000000   0.00000000   0.00000000 
-15.59000000   0.00000000   0.00000000 
-15.58000000   0.00000000   0.00000000 
-15.57000000   0.00000000   0.00000000 
-15.56000000   0.00000000   0.00000000 
-15.55000000   0.00000000   0.00000000 
-15.54000000   0.00000000   0.00000000 
-15.53000000   0.00000000   0.00000000 
-15.52000000   0.00000000   0.00000000 
-15.51000000   0.00000000   0.00000000 
-15.50000000   0.00000000   0.00000000 
-15.49000000   0.00000000   0.00000000 
-15.48000000   0.00000000   0.00000000 
-15.47000000   0.00000000   0.00000000 
-15.46000000   0.00000000   0.00000000 
-15.45000000   0.00000000   0.00000000 
-15.44000000   0.00000000   0.00000000 
-15.43000000   0.00000000   0.00000000 
-15.42000000   0.00000000   0.00000000 
-15.41000000   0.00000000   0.00000000 
-15.40000000   0.00000000   0.00000000 
-15.39000000   0.00000000   0.00000000 
-15.38000000   0.00000000   0.00000000 
-15.37000000   0.00000000   0.00000000 
-15.36000000   0.00000000   0.00000000 
-15.35000000   0.00000000   0.00000000 
-15.34000000   0.00000000   0.00000000 
-15.33000000   0.00000000   0.00000000 
-15.32000000   0.00000000   0.00000000 
-15.31000000   0.00000000   0.00000000 
-15.30000000   0.00000000   0.00000000 
-15.29000000   0.00000000   0.00000000 
-15.28000000   0.00000000   0.00000000 
-15.27000000   0.00000000   0.00000000 
-15.26000000   0.00000000   0.00000000 
-15.25000000   0.00000000   0.00000000 
-15.24000000   0.00000000   0.00000000 
-15.23000000   0.00000000   0.00000000 
-15.22000000   0.00000000   0.00000000 
-15.21000000   0.00000000   0.00000000 
-15.20000000   0.00000000   0.00000000 
-15.19000000   0.00000000   0.00000000 
-15.18000000   0.00000000   0.00000000 
-15.17000000   0.00000000   0.00000000 
-15.16000000   0.00000000   0.00000000 
-15.15000000   0.00000000   0.00000000 
-15.14000000   0.00000000   0.00000000 
-15.13000000   0.00000000   0.00000000 
-15.12000000   0.00000000   0.00000000 
-15.11000000   0.00000000   0.00000000 
-15.10000000   0.00000000   0.00000000 
-15.09000000   0.00000000   0.00000000 
-15.08000000   0.00000000   0.00000000 
-15.07000000   0.00000000   0.00000000 
-15.06000000   0.00000000   0.00000000 
-15.05000000   0.00000000   0.00000000 
-15.04000000   0.00000000   0.00000000 
-15.03000000   0.00000000   0.00000000 
-15.02000000   0.00000000   0.00000000 
-15.01000000   0.00000000   0.00000000 
-15.00000000   0.00000000   0.00000000 
-14.99000000   0.00000000   0.00000000 
-14.98000000   0.00000000   0.00000000 
-14.97000000   0.00000000   0.00000000 
-14.96000000   0.00000000   0.00000000 
-14.95000000   0.00000000   0.00000000 
-14.94000000   0.00000000   0.00000000 
-14.93000000   0.00000000   0.00000000 
-14.92000000   0.00000000   0.00000000 
-14.91000000   0.00000000   0.00000000 
-14.90000000   0.00000000   0.00000000 
-14.89000000   0.00000000   0.00000000 
-14.88000000   0.00000000   0.00000000 
-14.87000000   0.00000000   0.00000000 
-14.86000000   0.00000000   0.00000000 
-14.85000000   0.00000000   0.00000000 
-14.84000000   0.00000000   0.00000000 
-14.83000000   0.00000000   0.00000000 
-14.82000000   0.00000000   0.00000000 
-14.81000000   0.00000000   0.00000000 
-14.80000000   0.00000000   0.00000000 
-14.79000000   0.00000000   0.00000000 
-14.78000000   0.00000000   0.00000000 
-14.77000000   0.00000000   0.00000000 
-14.76000000   0.00000000   0.00000000 
-14.75000000   0.00000000   0.00000000 
-14.74000000   0.00000000   0.00000000 
-14.73000000   0.00000000   0.00000000 
-14.72000000   0.00000000   0.00000000 
-14.71000000   0.00000000   0.00000000 
-14.70000000   0.00000000   0.00000000 
-14.69000000   0.00000000   0.00000000 
-14.68000000   0.00000000   0.00000000 
-14.67000000   0.00000000   0.00000000 
-14.66000000   0.00000000   0.00000000 
-14.65000000   0.00000000   0.00000000 
-14.64000000   0.00000000   0.00000000 
-14.63000000   0.00000000   0.00000000 
-14.62000000   0.00000000   0.00000000 
-14.61000000   0.00000000   0.00000000 
-14.60000000   0.00000000   0.00000000 
-14.59000000   0.00000000   0.00000000 
-14.58000000   0.00000000   0.00000000 
-14.57000000   0.00000000   0.00000000 
-14.56000000   0.00000000   0.00000000 
-14.55000000   0.00000000   0.00000000 
-14.54000000   0.00001735   0.00000000 
-14.53000000   0.00999400   0.00003476 
-14.52000000   0.03833000   0.00026110 
-14.51000000   0.09569000   0.00091110 
-14.50000000   0.15820000   0.00218000 
-14.49000000   0.22060000   0.00407400 
-14.48000000   0.28310000   0.00659300 
-14.47000000   0.34560000   0.00973700 
-14.46000000   0.43100000   0.01359000 
-14.45000000   0.53520000   0.01841000 
-14.44000000   0.65480000   0.02435000 
-14.43000000   0.78060000   0.03153000 
-14.42000000   0.90630000   0.03996000 
-14.41000000   1.03200000   0.04965000 
-14.40000000   1.13800000   0.06058000 
-14.39000000   1.13000000   0.07194000 
-14.38000000   1.10600000   0.08313000 
-14.37000000   1.03100000   0.09319000 
-14.36000000   1.10100000   0.10390000 
-14.35000000   1.17000000   0.11520000 
-14.34000000   1.24000000   0.12730000 
-14.33000000   1.16600000   0.13990000 
-14.32000000   1.10800000   0.15130000 
-14.31000000   1.03500000   0.16200000 
-14.30000000   0.98440000   0.17200000 
-14.29000000   0.99710000   0.18190000 
-14.28000000   1.01000000   0.19200000 
-14.27000000   1.02200000   0.20210000 
-14.26000000   1.03500000   0.21240000 
-14.25000000   1.04800000   0.22280000 
-14.24000000   1.06000000   0.23340000 
-14.23000000   1.07300000   0.24400000 
-14.22000000   1.08500000   0.25480000 
-14.21000000   1.09800000   0.26570000 
-14.20000000   1.11100000   0.27680000 
-14.19000000   1.12300000   0.28800000 
-14.18000000   1.13600000   0.29920000 
-14.17000000   1.14900000   0.31070000 
-14.16000000   1.16100000   0.32220000 
-14.15000000   1.17400000   0.33390000 
-14.14000000   1.18700000   0.34570000 
-14.13000000   1.19800000   0.35760000 
-14.12000000   1.20700000   0.36970000 
-14.11000000   1.21200000   0.38180000 
-14.10000000   1.21500000   0.39390000 
-14.09000000   1.21800000   0.40600000 
-14.08000000   1.22100000   0.41820000 
-14.07000000   1.22500000   0.43050000 
-14.06000000   1.22400000   0.44270000 
-14.05000000   1.22100000   0.45500000 
-14.04000000   1.21500000   0.46710000 
-14.03000000   1.20900000   0.47930000 
-14.02000000   1.20400000   0.49130000 
-14.01000000   1.19800000   0.50330000 
-14.00000000   1.19400000   0.51530000 
-13.99000000   1.19200000   0.52720000 
-13.98000000   1.19300000   0.53910000 
-13.97000000   1.19300000   0.55110000 
-13.96000000   1.19400000   0.56300000 
-13.95000000   1.19400000   0.57490000 
-13.94000000   1.19700000   0.58690000 
-13.93000000   1.20200000   0.59890000 
-13.92000000   1.20800000   0.61090000 
-13.91000000   1.21500000   0.62300000 
-13.90000000   1.22200000   0.63520000 
-13.89000000   1.22900000   0.64750000 
-13.88000000   1.23600000   0.65980000 
-13.87000000   1.24300000   0.67220000 
-13.86000000   1.25000000   0.68470000 
-13.85000000   1.25700000   0.69720000 
-13.84000000   1.26400000   0.70980000 
-13.83000000   1.27200000   0.72250000 
-13.82000000   1.27900000   0.73530000 
-13.81000000   1.28600000   0.74810000 
-13.80000000   1.29300000   0.76100000 
-13.79000000   1.30000000   0.77390000 
-13.78000000   1.30700000   0.78700000 
-13.77000000   1.31400000   0.80010000 
-13.76000000   1.32100000   0.81320000 
-13.75000000   1.32800000   0.82650000 
-13.74000000   1.33500000   0.83980000 
-13.73000000   1.34200000   0.85320000 
-13.72000000   1.34900000   0.86670000 
-13.71000000   1.35600000   0.88020000 
-13.70000000   1.36300000   0.89380000 
-13.69000000   1.37000000   0.90740000 
-13.68000000   1.37800000   0.92120000 
-13.67000000   1.38500000   0.93500000 
-13.66000000   1.39100000   0.94890000 
-13.65000000   1.39700000   0.96280000 
-13.64000000   1.40500000   0.97680000 
-13.63000000   1.41300000   0.99090000 
-13.62000000   1.42000000   1.00500000 
-13.61000000   1.42800000   1.01900000 
-13.60000000   1.43600000   1.03400000 
-13.59000000   1.44500000   1.04800000 
-13.58000000   1.45400000   1.06300000 
-13.57000000   1.46200000   1.07700000 
-13.56000000   1.47100000   1.09200000 
-13.55000000   1.48000000   1.10700000 
-13.54000000   1.48900000   1.12100000 
-13.53000000   1.49800000   1.13600000 
-13.52000000   1.50700000   1.15100000 
-13.51000000   1.51500000   1.16600000 
-13.50000000   1.52400000   1.18200000 
-13.49000000   1.53300000   1.19700000 
-13.48000000   1.54200000   1.21200000 
-13.47000000   1.55100000   1.22800000 
-13.46000000   1.56000000   1.24300000 
-13.45000000   1.56900000   1.25900000 
-13.44000000   1.57800000   1.27500000 
-13.43000000   1.58800000   1.29100000 
-13.42000000   1.59700000   1.30600000 
-13.41000000   1.60600000   1.32200000 
-13.40000000   1.61600000   1.33900000 
-13.39000000   1.62600000   1.35500000 
-13.38000000   1.63500000   1.37100000 
-13.37000000   1.64500000   1.38800000 
-13.36000000   1.65500000   1.40400000 
-13.35000000   1.66600000   1.42100000 
-13.34000000   1.70500000   1.43700000 
-13.33000000   1.78300000   1.45500000 
-13.32000000   1.89900000   1.47300000 
-13.31000000   2.05300000   1.49300000 
-13.30000000   2.30900000   1.51500000 
-13.29000000   2.58000000   1.53900000 
-13.28000000   2.80400000   1.56600000 
-13.27000000   2.91300000   1.59500000 
-13.26000000   2.98400000   1.62400000 
-13.25000000   3.01800000   1.65400000 
-13.24000000   2.74200000   1.68400000 
-13.23000000   2.77900000   1.71200000 
-13.22000000   2.86900000   1.74000000 
-13.21000000   3.05200000   1.77000000 
-13.20000000   3.28500000   1.80100000 
-13.19000000   3.57000000   1.83500000 
-13.18000000   3.90900000   1.87300000 
-13.17000000   4.26500000   1.91400000 
-13.16000000   4.30500000   1.95800000 
-13.15000000   4.38900000   2.00100000 
-13.14000000   4.42500000   2.04500000 
-13.13000000   4.41500000   2.09000000 
-13.12000000   4.39900000   2.13400000 
-13.11000000   4.47200000   2.17800000 
-13.10000000   4.53400000   2.22300000 
-13.09000000   4.59600000   2.26900000 
-13.08000000   4.66100000   2.31500000 
-13.07000000   4.72700000   2.36200000 
-13.06000000   4.79600000   2.40900000 
-13.05000000   4.87300000   2.45800000 
-13.04000000   4.95500000   2.50700000 
-13.03000000   5.01800000   2.55700000 
-13.02000000   5.07400000   2.60700000 
-13.01000000   5.12000000   2.65800000 
-13.00000000   5.15900000   2.71000000 
-12.99000000   5.19800000   2.76100000 
-12.98000000   5.24200000   2.81400000 
-12.97000000   5.29700000   2.86600000 
-12.96000000   5.35900000   2.92000000 
-12.95000000   5.42800000   2.97400000 
-12.94000000   5.50700000   3.02800000 
-12.93000000   5.59000000   3.08400000 
-12.92000000   5.67300000   3.14000000 
-12.91000000   5.75700000   3.19700000 
-12.90000000   5.84900000   3.25500000 
-12.89000000   5.94500000   3.31400000 
-12.88000000   6.04200000   3.37400000 
-12.87000000   6.14300000   3.43500000 
-12.86000000   6.24300000   3.49700000 
-12.85000000   6.34300000   3.56000000 
-12.84000000   6.44400000   3.62400000 
-12.83000000   6.54400000   3.68900000 
-12.82000000   6.64400000   3.75500000 
-12.81000000   6.74800000   3.82200000 
-12.80000000   6.85400000   3.89000000 
-12.79000000   6.96400000   3.95900000 
-12.78000000   7.07300000   4.02900000 
-12.77000000   7.18300000   4.10000000 
-12.76000000   7.30000000   4.17300000 
-12.75000000   7.75500000   4.24700000 
-12.74000000   9.19000000   4.32800000 
-12.73000000  14.60000000   4.45100000 
-12.72000000   8.51600000   4.55900000 
-12.71000000  13.84000000   4.65600000 
-12.70000000  12.37000000   4.79000000 
-12.69000000   8.56600000   4.88600000 
-12.68000000   8.43100000   4.97100000 
-12.67000000   8.31300000   5.05500000 
-12.66000000   8.21900000   5.13800000 
-12.65000000   8.15700000   5.22000000 
-12.64000000   8.08900000   5.30100000 
-12.63000000   8.01200000   5.38100000 
-12.62000000   7.93100000   5.46100000 
-12.61000000   7.88600000   5.54000000 
-12.60000000   7.89000000   5.61900000 
-12.59000000   7.91800000   5.69800000 
-12.58000000   7.93400000   5.77700000 
-12.57000000   7.96300000   5.85700000 
-12.56000000   8.20000000   5.93700000 
-12.55000000   8.56100000   6.02100000 
-12.54000000   9.11100000   6.10900000 
-12.53000000   9.67000000   6.20300000 
-12.52000000  10.27000000   6.30300000 
-12.51000000  13.87000000   6.41100000 
-12.50000000   9.46700000   6.52500000 
-12.49000000   7.73500000   6.62900000 
-12.48000000   8.06400000   6.70800000 
-12.47000000  11.78000000   6.79400000 
-12.46000000  15.03000000   6.91600000 
-12.45000000   8.83100000   7.01400000 
-12.44000000  13.09000000   7.11300000 
-12.43000000   9.26700000   7.23200000 
-12.42000000   8.09000000   7.31300000 
-12.41000000   7.83700000   7.39300000 
-12.40000000   7.26300000   7.46900000 
-12.39000000   6.68900000   7.53800000 
-12.38000000   6.11400000   7.60300000 
-12.37000000   5.53900000   7.66100000 
-12.36000000   5.04900000   7.71300000 
-12.35000000   4.90600000   7.76300000 
-12.34000000   5.03700000   7.81200000 
-12.33000000   5.40600000   7.86500000 
-12.32000000   7.23900000   7.92700000 
-12.31000000   3.10400000   7.97100000 
-12.30000000   0.00000000   8.00000000 
-12.29000000   0.00000000   8.00000000 
-12.28000000   0.00000000   8.00000000 
-12.27000000   0.00000000   8.00000000 
-12.26000000   0.00000000   8.00000000 
-12.25000000   0.00000000   8.00000000 
-12.24000000   0.00000000   8.00000000 
-12.23000000   0.00000000   8.00000000 
-12.22000000   0.00000000   8.00000000 
-12.21000000   0.00000000   8.00000000 
-12.20000000   0.00000000   8.00000000 
-12.19000000   0.00000000   8.00000000 
-12.18000000   0.00000000   8.00000000 
-12.17000000   0.00000000   8.00000000 
-12.16000000   0.00000000   8.00000000 
-12.15000000   0.00000000   8.00000000 
-12.14000000   0.00000000   8.00000000 
-12.13000000   0.00000000   8.00000000 
-12.12000000   0.00000000   8.00000000 
-12.11000000   0.00000000   8.00000000 
-12.10000000   0.00000000   8.00000000 
-12.09000000   0.00000000   8.00000000 
-12.08000000   0.00000000   8.00000000 
-12.07000000   0.00000000   8.00000000 
-12.06000000   0.00000000   8.00000000 
-12.05000000   0.00000000   8.00000000 
-12.04000000   0.00000000   8.00000000 
-12.03000000   0.00000000   8.00000000 
-12.02000000   0.00000000   8.00000000 
-12.01000000   0.00000000   8.00000000 
-12.00000000   0.00000000   8.00000000 
-11.99000000   0.00000000   8.00000000 
-11.98000000   0.00000000   8.00000000 
-11.97000000   0.00000000   8.00000000 
-11.96000000   0.00000000   8.00000000 
-11.95000000   0.00000000   8.00000000 
-11.94000000   0.00000000   8.00000000 
-11.93000000   0.00000000   8.00000000 
-11.92000000   0.00000000   8.00000000 
-11.91000000   0.00000000   8.00000000 
-11.90000000   0.00000000   8.00000000 
-11.89000000   0.00000000   8.00000000 
-11.88000000   0.00000000   8.00000000 
-11.87000000   0.00000000   8.00000000 
-11.86000000   0.00000000   8.00000000 
-11.85000000   0.00000000   8.00000000 
-11.84000000   0.00000000   8.00000000 
-11.83000000   0.00000000   8.00000000 
-11.82000000   0.00000000   8.00000000 
-11.81000000   0.00000000   8.00000000 
-11.80000000   0.00000000   8.00000000 
-11.79000000   0.00000000   8.00000000 
-11.78000000   0.00000000   8.00000000 
-11.77000000   0.00000000   8.00000000 
-11.76000000   0.00000000   8.00000000 
-11.75000000   0.00000000   8.00000000 
-11.74000000   0.00000000   8.00000000 
-11.73000000   0.00000000   8.00000000 
-11.72000000   0.00000000   8.00000000 
-11.71000000   0.00000000   8.00000000 
-11.70000000   0.00000000   8.00000000 
-11.69000000   0.00000000   8.00000000 
-11.68000000   0.00000000   8.00000000 
-11.67000000   0.00000000   8.00000000 
-11.66000000   0.00000000   8.00000000 
-11.65000000   0.00000000   8.00000000 
-11.64000000   0.00000000   8.00000000 
-11.63000000   0.00000000   8.00000000 
-11.62000000   0.00000000   8.00000000 
-11.61000000   0.00000000   8.00000000 
-11.60000000   0.00000000   8.00000000 
-11.59000000   0.00000000   8.00000000 
-11.58000000   0.00000000   8.00000000 
-11.57000000   0.00000000   8.00000000 
-11.56000000   0.00000000   8.00000000 
-11.55000000   0.00000000   8.00000000 
-11.54000000   0.00000000   8.00000000 
-11.53000000   0.00000000   8.00000000 
-11.52000000   0.00000000   8.00000000 
-11.51000000   0.00000000   8.00000000 
-11.50000000   0.00000000   8.00000000 
-11.49000000   0.00000000   8.00000000 
-11.48000000   0.00000000   8.00000000 
-11.47000000   0.00000000   8.00000000 
-11.46000000   0.00000000   8.00000000 
-11.45000000   0.00000000   8.00000000 
-11.44000000   0.00000000   8.00000000 
-11.43000000   0.00000000   8.00000000 
-11.42000000   0.00000000   8.00000000 
-11.41000000   0.00000000   8.00000000 
-11.40000000   0.00000000   8.00000000 
-11.39000000   0.00000000   8.00000000 
-11.38000000   0.00000000   8.00000000 
-11.37000000   0.00000000   8.00000000 
-11.36000000   0.00000000   8.00000000 
-11.35000000   0.00000000   8.00000000 
-11.34000000   0.00000000   8.00000000 
-11.33000000   0.00000000   8.00000000 
-11.32000000   0.00000000   8.00000000 
-11.31000000   0.00000000   8.00000000 
-11.30000000   0.00000000   8.00000000 
-11.29000000   0.00000000   8.00000000 
-11.28000000   0.00000000   8.00000000 
-11.27000000   0.00000000   8.00000000 
-11.26000000   0.00000000   8.00000000 
-11.25000000   0.00000000   8.00000000 
-11.24000000   0.00000000   8.00000000 
-11.23000000   0.00000000   8.00000000 
-11.22000000   0.00000000   8.00000000 
-11.21000000   0.00000000   8.00000000 
-11.20000000   0.00000000   8.00000000 
-11.19000000   0.00000000   8.00000000 
-11.18000000   0.00000000   8.00000000 
-11.17000000   0.00000000   8.00000000 
-11.16000000   0.00000000   8.00000000 
-11.15000000   0.00000000   8.00000000 
-11.14000000   0.00000000   8.00000000 
-11.13000000   0.00000000   8.00000000 
-11.12000000   0.00000000   8.00000000 
-11.11000000   0.00000000   8.00000000 
-11.10000000   0.00000000   8.00000000 
-11.09000000   0.00000000   8.00000000 
-11.08000000   0.00000000   8.00000000 
-11.07000000   0.00000000   8.00000000 
-11.06000000   0.00000000   8.00000000 
-11.05000000   0.00000000   8.00000000 
-11.04000000   0.00000000   8.00000000 
-11.03000000   0.00000000   8.00000000 
-11.02000000   0.00000000   8.00000000 
-11.01000000   0.00000000   8.00000000 
-11.00000000   0.00000000   8.00000000 
-10.99000000   0.00000000   8.00000000 
-10.98000000   0.00000000   8.00000000 
-10.97000000   0.00000000   8.00000000 
-10.96000000   0.00000000   8.00000000 
-10.95000000   0.00000000   8.00000000 
-10.94000000   0.00000000   8.00000000 
-10.93000000   0.00000000   8.00000000 
-10.92000000   0.00000000   8.00000000 
-10.91000000   0.00000000   8.00000000 
-10.90000000   0.00000000   8.00000000 
-10.89000000   0.00000000   8.00000000 
-10.88000000   0.00000000   8.00000000 
-10.87000000   0.00000000   8.00000000 
-10.86000000   0.00000000   8.00000000 
-10.85000000   0.00000000   8.00000000 
-10.84000000   0.00000000   8.00000000 
-10.83000000   0.00000000   8.00000000 
-10.82000000   0.00000000   8.00000000 
-10.81000000   0.00000000   8.00000000 
-10.80000000   0.00000000   8.00000000 
-10.79000000   0.00000000   8.00000000 
-10.78000000   0.00000000   8.00000000 
-10.77000000   0.00000000   8.00000000 
-10.76000000   0.00000000   8.00000000 
-10.75000000   0.00000000   8.00000000 
-10.74000000   0.00000000   8.00000000 
-10.73000000   0.00000000   8.00000000 
-10.72000000   0.00000000   8.00000000 
-10.71000000   0.00000000   8.00000000 
-10.70000000   0.00000000   8.00000000 
-10.69000000   0.00000000   8.00000000 
-10.68000000   0.00000000   8.00000000 
-10.67000000   0.00000000   8.00000000 
-10.66000000   0.00000000   8.00000000 
-10.65000000   0.00000000   8.00000000 
-10.64000000   0.00000000   8.00000000 
-10.63000000   0.00000000   8.00000000 
-10.62000000   0.00000000   8.00000000 
-10.61000000   0.00000000   8.00000000 
-10.60000000   0.00000000   8.00000000 
-10.59000000   0.00000000   8.00000000 
-10.58000000   0.00000000   8.00000000 
-10.57000000   0.00000000   8.00000000 
-10.56000000   0.00000000   8.00000000 
-10.55000000   0.00000000   8.00000000 
-10.54000000   0.00000000   8.00000000 
-10.53000000   0.00000000   8.00000000 
-10.52000000   0.00000000   8.00000000 
-10.51000000   0.00000000   8.00000000 
-10.50000000   0.00000000   8.00000000 
-10.49000000   0.00000000   8.00000000 
-10.48000000   0.00000000   8.00000000 
-10.47000000   0.00000000   8.00000000 
-10.46000000   0.00000000   8.00000000 
-10.45000000   0.00000000   8.00000000 
-10.44000000   0.00000000   8.00000000 
-10.43000000   0.00000000   8.00000000 
-10.42000000   0.00000000   8.00000000 
-10.41000000   0.00000000   8.00000000 
-10.40000000   0.00000000   8.00000000 
-10.39000000   0.00000000   8.00000000 
-10.38000000   0.00000000   8.00000000 
-10.37000000   0.00000000   8.00000000 
-10.36000000   0.00000000   8.00000000 
-10.35000000   0.00000000   8.00000000 
-10.34000000   0.00000000   8.00000000 
-10.33000000   0.00000000   8.00000000 
-10.32000000   0.00000000   8.00000000 
-10.31000000   0.00000000   8.00000000 
-10.30000000   0.00000000   8.00000000 
-10.29000000   0.00000000   8.00000000 
-10.28000000   0.00000000   8.00000000 
-10.27000000   0.00000000   8.00000000 
-10.26000000   0.00000000   8.00000000 
-10.25000000   0.00000000   8.00000000 
-10.24000000   0.00000000   8.00000000 
-10.23000000   0.00000000   8.00000000 
-10.22000000   0.00000000   8.00000000 
-10.21000000   0.00000000   8.00000000 
-10.20000000   0.00000000   8.00000000 
-10.19000000   0.00000000   8.00000000 
-10.18000000   0.00000000   8.00000000 
-10.17000000   0.00000000   8.00000000 
-10.16000000   0.00000000   8.00000000 
-10.15000000   0.00000000   8.00000000 
-10.14000000   0.00000000   8.00000000 
-10.13000000   0.00000000   8.00000000 
-10.12000000   0.00000000   8.00000000 
-10.11000000   0.00000000   8.00000000 
-10.10000000   0.00000000   8.00000000 
-10.09000000   0.00000000   8.00000000 
-10.08000000   0.00000000   8.00000000 
-10.07000000   0.00000000   8.00000000 
-10.06000000   0.00000000   8.00000000 
-10.05000000   0.00000000   8.00000000 
-10.04000000   0.00000000   8.00000000 
-10.03000000   0.00000000   8.00000000 
-10.02000000   0.00000000   8.00000000 
-10.01000000   0.00000000   8.00000000 
-10.00000000   0.00000000   8.00000000 
 -9.99000000   0.00000000   8.00000000 
 -9.98000000   0.00000000   8.00000000 
 -9.97000000   0.00000000   8.00000000 
 -9.96000000   0.00000000   8.00000000 
 -9.95000000   0.00000000   8.00000000 
 -9.94000000   0.00000000   8.00000000 
 -9.93000000   0.00000000   8.00000000 
 -9.92000000   0.00000000   8.00000000 
 -9.91000000   0.00000000   8.00000000 
 -9.90000000   0.00000000   8.00000000 
 -9.89000000   0.00000000   8.00000000 
 -9.88000000   0.00000000   8.00000000 
 -9.87000000   0.00000000   8.00000000 
 -9.86000000   0.00000000   8.00000000 
 -9.85000000   0.00000000   8.00000000 
 -9.84000000   0.00000000   8.00000000 
 -9.83000000   0.00000000   8.00000000 
 -9.82000000   0.00000000   8.00000000 
 -9.81000000   0.00000000   8.00000000 
 -9.80000000   0.00000000   8.00000000 
 -9.79000000   0.00000000   8.00000000 
 -9.78000000   0.00000000   8.00000000 
 -9.77000000   0.00000000   8.00000000 
 -9.76000000   0.00000000   8.00000000 
 -9.75000000   0.00000000   8.00000000 
 -9.74000000   0.00000000   8.00000000 
 -9.73000000   0.00000000   8.00000000 
 -9.72000000   0.00000000   8.00000000 
 -9.71000000   0.00000000   8.00000000 
 -9.70000000   0.00000000   8.00000000 
 -9.69000000   0.00000000   8.00000000 
 -9.68000000   0.00000000   8.00000000 
 -9.67000000   0.00000000   8.00000000 
 -9.66000000   0.00000000   8.00000000 
 -9.65000000   0.00000000   8.00000000 
 -9.64000000   0.00000000   8.00000000 
 -9.63000000   0.00000000   8.00000000 
 -9.62000000   0.00000000   8.00000000 
 -9.61000000   0.00000000   8.00000000 
 -9.60000000   0.00000000   8.00000000 
 -9.59000000   0.00000000   8.00000000 
 -9.58000000   0.00000000   8.00000000 
 -9.57000000   0.00000000   8.00000000 
 -9.56000000   0.00000000   8.00000000 
 -9.55000000   0.00000000   8.00000000 
 -9.54000000   0.00000000   8.00000000 
 -9.53000000   0.00000000   8.00000000 
 -9.52000000   0.00000000   8.00000000 
 -9.51000000   0.00000000   8.00000000 
 -9.50000000   0.00000000   8.00000000 
 -9.49000000   0.00000000   8.00000000 
 -9.48000000   0.00000000   8.00000000 
 -9.47000000   0.00000000   8.00000000 
 -9.46000000   0.00000000   8.00000000 
 -9.45000000   0.00000000   8.00000000 
 -9.44000000   0.00000000   8.00000000 
 -9.43000000   0.00000000   8.00000000 
 -9.42000000   0.00000000   8.00000000 
 -9.41000000   0.00000000   8.00000000 
 -9.40000000   0.00000000   8.00000000 
 -9.39000000   0.00000000   8.00000000 
 -9.38000000   0.00000000   8.00000000 
 -9.37000000   0.00000000   8.00000000 
 -9.36000000   0.00000000   8.00000000 
 -9.35000000   0.00000000   8.00000000 
 -9.34000000   0.00000000   8.00000000 
 -9.33000000   0.00000000   8.00000000 
 -9.32000000   0.00000000   8.00000000 
 -9.31000000   0.00000000   8.00000000 
 -9.30000000   0.00000000   8.00000000 
 -9.29000000   0.00000000   8.00000000 
 -9.28000000   0.00000000   8.00000000 
 -9.27000000   0.00000000   8.00000000 
 -9.26000000   0.00000000   8.00000000 
 -9.25000000   0.00000000   8.00000000 
 -9.24000000   0.00000000   8.00000000 
 -9.23000000   0.00000000   8.00000000 
 -9.22000000   0.00000000   8.00000000 
 -9.21000000   0.00000000   8.00000000 
 -9.20000000   0.00000000   8.00000000 
 -9.19000000   0.00000000   8.00000000 
 -9.18000000   0.00000000   8.00000000 
 -9.17000000   0.00000000   8.00000000 
 -9.16000000   0.00000000   8.00000000 
 -9.15000000   0.00000000   8.00000000 
 -9.14000000   0.00000000   8.00000000 
 -9.13000000   0.00000000   8.00000000 
 -9.12000000   0.00000000   8.00000000 
 -9.11000000   0.00000000   8.00000000 
 -9.10000000   0.00000000   8.00000000 
 -9.09000000   0.00000000   8.00000000 
 -9.08000000   0.00000000   8.00000000 
 -9.07000000   0.00000000   8.00000000 
 -9.06000000   0.00000000   8.00000000 
 -9.05000000   0.00000000   8.00000000 
 -9.04000000   0.00000000   8.00000000 
 -9.03000000   0.00000000   8.00000000 
 -9.02000000   0.00000000   8.00000000 
 -9.01000000   0.00000000   8.00000000 
 -9.00000000   0.00000000   8.00000000 
 -8.99000000   0.00000000   8.00000000 
 -8.98000000   0.00000000   8.00000000 
 -8.97000000   0.00000000   8.00000000 
 -8.96000000   0.00000000   8.00000000 
 -8.95000000   0.00000000   8.00000000 
 -8.94000000   0.00000000   8.00000000 
 -8.93000000   0.00000000   8.00000000 
 -8.92000000   0.00000000   8.00000000 
 -8.91000000   0.00000000   8.00000000 
 -8.90000000   0.00000000   8.00000000 
 -8.89000000   0.00000000   8.00000000 
 -8.88000000   0.00000000   8.00000000 
 -8.87000000   0.00000000   8.00000000 
 -8.86000000   0.00000000   8.00000000 
 -8.85000000   0.00000000   8.00000000 
 -8.84000000   0.00000000   8.00000000 
 -8.83000000   0.00000000   8.00000000 
 -8.82000000   0.00000000   8.00000000 
 -8.81000000   0.00000000   8.00000000 
 -8.80000000   0.00000000   8.00000000 
 -8.79000000   0.00000000   8.00000000 
 -8.78000000   0.00000000   8.00000000 
 -8.77000000   0.00000000   8.00000000 
 -8.76000000   0.00000000   8.00000000 
 -8.75000000   0.00000000   8.00000000 
 -8.74000000   0.00000000   8.00000000 
 -8.73000000   0.00000000   8.00000000 
 -8.72000000   0.00000000   8.00000000 
 -8.71000000   0.00000000   8.00000000 
 -8.70000000   0.00000000   8.00000000 
 -8.69000000   0.00000000   8.00000000 
 -8.68000000   0.00000000   8.00000000 
 -8.67000000   0.00000000   8.00000000 
 -8.66000000   0.00000000   8.00000000 
 -8.65000000   0.00000000   8.00000000 
 -8.64000000   0.00000000   8.00000000 
 -8.63000000   0.00000000   8.00000000 
 -8.62000000   0.00000000   8.00000000 
 -8.61000000   0.00000000   8.00000000 
 -8.60000000   0.00000000   8.00000000 
 -8.59000000   0.00000000   8.00000000 
 -8.58000000   0.00000000   8.00000000 
 -8.57000000   0.00000000   8.00000000 
 -8.56000000   0.00000000   8.00000000 
 -8.55000000   0.00000000   8.00000000 
 -8.54000000   0.00000000   8.00000000 
 -8.53000000   0.00000000   8.00000000 
 -8.52000000   0.00000000   8.00000000 
 -8.51000000   0.00000000   8.00000000 
 -8.50000000   0.00000000   8.00000000 
 -8.49000000   0.00000000   8.00000000 
 -8.48000000   0.00000000   8.00000000 
 -8.47000000   0.00000000   8.00000000 
 -8.46000000   0.00000000   8.00000000 
 -8.45000000   0.00000000   8.00000000 
 -8.44000000   0.00000000   8.00000000 
 -8.43000000   0.00000000   8.00000000 
 -8.42000000   0.00000000   8.00000000 
 -8.41000000   0.00000000   8.00000000 
 -8.40000000   0.00000000   8.00000000 
 -8.39000000   0.00000000   8.00000000 
 -8.38000000   0.00000000   8.00000000 
 -8.37000000   0.00000000   8.00000000 
 -8.36000000   0.00000000   8.00000000 
 -8.35000000   0.00000000   8.00000000 
 -8.34000000   0.00000000   8.00000000 
 -8.33000000   0.00000000   8.00000000 
 -8.32000000   0.00000000   8.00000000 
 -8.31000000   0.00000000   8.00000000 
 -8.30000000   0.00000000   8.00000000 
 -8.29000000   0.00000000   8.00000000 
 -8.28000000   0.00000000   8.00000000 
 -8.27000000   0.00000000   8.00000000 
 -8.26000000   0.00000000   8.00000000 
 -8.25000000   0.00000000   8.00000000 
 -8.24000000   0.00000000   8.00000000 
 -8.23000000   0.00000000   8.00000000 
 -8.22000000   0.00000000   8.00000000 
 -8.21000000   0.00000000   8.00000000 
 -8.20000000   0.00000000   8.00000000 
 -8.19000000   0.00000000   8.00000000 
 -8.18000000   0.00000000   8.00000000 
 -8.17000000   0.00000000   8.00000000 
 -8.16000000   0.00000000   8.00000000 
 -8.15000000   0.00000000   8.00000000 
 -8.14000000   0.00000000   8.00000000 
 -8.13000000   0.00000000   8.00000000 
 -8.12000000   0.00000000   8.00000000 
 -8.11000000   0.00000000   8.00000000 
 -8.10000000   0.00000000   8.00000000 
 -8.09000000   0.00000000   8.00000000 
 -8.08000000   0.00000000   8.00000000 
 -8.07000000   0.00000000   8.00000000 
 -8.06000000   0.00000000   8.00000000 
 -8.05000000   0.00000000   8.00000000 
 -8.04000000   0.00000000   8.00000000 
 -8.03000000   0.00000000   8.00000000 
 -8.02000000   0.00000000   8.00000000 
 -8.01000000   0.00000000   8.00000000 
 -8.00000000   0.00000000   8.00000000 
 -7.99000000   0.00000000   8.00000000 
 -7.98000000   0.00000000   8.00000000 
 -7.97000000   0.00000000   8.00000000 
 -7.96000000   0.00000000   8.00000000 
 -7.95000000   0.00000000   8.00000000 
 -7.94000000   0.00000000   8.00000000 
 -7.93000000   0.00000000   8.00000000 
 -7.92000000   0.00000000   8.00000000 
 -7.91000000   0.00000000   8.00000000 
 -7.90000000   0.00000000   8.00000000 
 -7.89000000   0.00000000   8.00000000 
 -7.88000000   0.00000000   8.00000000 
 -7.87000000   0.00000000   8.00000000 
 -7.86000000   0.00000000   8.00000000 
 -7.85000000   0.00000000   8.00000000 
 -7.84000000   0.00000000   8.00000000 
 -7.83000000   0.00000000   8.00000000 
 -7.82000000   0.00000000   8.00000000 
 -7.81000000   0.00000000   8.00000000 
 -7.80000000   0.00000000   8.00000000 
 -7.79000000   0.00000000   8.00000000 
 -7.78000000   0.00000000   8.00000000 
 -7.77000000   0.00000000   8.00000000 
 -7.76000000   0.00000000   8.00000000 
 -7.75000000   0.00000000   8.00000000 
 -7.74000000   0.00000000   8.00000000 
 -7.73000000   0.00000000   8.00000000 
 -7.72000000   0.00000000   8.00000000 
 -7.71000000   0.00000000   8.00000000 
 -7.70000000   0.00000000   8.00000000 
 -7.69000000   0.00000000   8.00000000 
 -7.68000000   0.00000000   8.00000000 
 -7.67000000   0.00000000   8.00000000 
 -7.66000000   0.00000000   8.00000000 
 -7.65000000   0.00000000   8.00000000 
 -7.64000000   0.00000000   8.00000000 
 -7.63000000   0.00000000   8.00000000 
 -7.62000000   0.00000000   8.00000000 
 -7.61000000   0.00000000   8.00000000 
 -7.60000000   0.00000000   8.00000000 
 -7.59000000   0.00000000   8.00000000 
 -7.58000000   0.00000000   8.00000000 
 -7.57000000   0.00000000   8.00000000 
 -7.56000000   0.00000000   8.00000000 
 -7.55000000   0.00000000   8.00000000 
 -7.54000000   0.00000000   8.00000000 
 -7.53000000   0.00000000   8.00000000 
 -7.52000000   0.00000000   8.00000000 
 -7.51000000   0.00000000   8.00000000 
 -7.50000000   0.00000000   8.00000000 
 -7.49000000   0.00000000   8.00000000 
 -7.48000000   0.00000000   8.00000000 
 -7.47000000   0.00000000   8.00000000 
 -7.46000000   0.00000000   8.00000000 
 -7.45000000   0.00000000   8.00000000 
 -7.44000000   0.00000000   8.00000000 
 -7.43000000   0.00000000   8.00000000 
 -7.42000000   0.00000000   8.00000000 
 -7.41000000   0.00000000   8.00000000 
 -7.40000000   0.00000000   8.00000000 
 -7.39000000   0.00000000   8.00000000 
 -7.38000000   0.00000000   8.00000000 
 -7.37000000   0.00000000   8.00000000 
 -7.36000000   0.00000000   8.00000000 
 -7.35000000   0.00000000   8.00000000 
 -7.34000000   0.00000000   8.00000000 
 -7.33000000   0.00000000   8.00000000 
 -7.32000000   0.00000000   8.00000000 
 -7.31000000   0.00000000   8.00000000 
 -7.30000000   0.00000000   8.00000000 
 -7.29000000   0.00000000   8.00000000 
 -7.28000000   0.00000000   8.00000000 
 -7.27000000   0.00000000   8.00000000 
 -7.26000000   0.00000000   8.00000000 
 -7.25000000   0.00000000   8.00000000 
 -7.24000000   0.00000000   8.00000000 
 -7.23000000   0.00000000   8.00000000 
 -7.22000000   0.00000000   8.00000000 
 -7.21000000   0.00000000   8.00000000 
 -7.20000000   0.00000000   8.00000000 
 -7.19000000   0.00000000   8.00000000 
 -7.18000000   0.00000000   8.00000000 
 -7.17000000   0.00000000   8.00000000 
 -7.16000000   0.00000000   8.00000000 
 -7.15000000   0.00000000   8.00000000 
 -7.14000000   0.00000000   8.00000000 
 -7.13000000   0.00000000   8.00000000 
 -7.12000000   0.00000000   8.00000000 
 -7.11000000   0.00000000   8.00000000 
 -7.10000000   0.00000000   8.00000000 
 -7.09000000   0.00000000   8.00000000 
 -7.08000000   0.00000000   8.00000000 
 -7.07000000   0.00000000   8.00000000 
 -7.06000000   0.00000000   8.00000000 
 -7.05000000   0.00000000   8.00000000 
 -7.04000000   0.00000000   8.00000000 
 -7.03000000   0.00000000   8.00000000 
 -7.02000000   0.00000000   8.00000000 
 -7.01000000   0.00000000   8.00000000 
 -7.00000000   0.00000000   8.00000000 
 -6.99000000   0.00000000   8.00000000 
 -6.98000000   0.00000000   8.00000000 
 -6.97000000   0.00000000   8.00000000 
 -6.96000000   0.00000000   8.00000000 
 -6.95000000   0.00000000   8.00000000 
 -6.94000000   0.00000000   8.00000000 
 -6.93000000   0.00000000   8.00000000 
 -6.92000000   0.00000000   8.00000000 
 -6.91000000   0.00000000   8.00000000 
 -6.90000000   0.00000000   8.00000000 
 -6.89000000   0.00000000   8.00000000 
 -6.88000000   0.00000000   8.00000000 
 -6.87000000   0.00000000   8.00000000 
 -6.86000000   0.00000000   8.00000000 
 -6.85000000   0.00000000   8.00000000 
 -6.84000000   0.00000000   8.00000000 
 -6.83000000   0.00000000   8.00000000 
 -6.82000000   0.00000000   8.00000000 
 -6.81000000   0.00000000   8.00000000 
 -6.80000000   0.00000000   8.00000000 
 -6.79000000   0.00000000   8.00000000 
 -6.78000000   0.00000000   8.00000000 
 -6.77000000   0.00000000   8.00000000 
 -6.76000000   0.00000000   8.00000000 
 -6.75000000   0.00000000   8.00000000 
 -6.74000000   0.00000000   8.00000000 
 -6.73000000   0.00000000   8.00000000 
 -6.72000000   0.00000000   8.00000000 
 -6.71000000   0.00000000   8.00000000 
 -6.70000000   0.00000000   8.00000000 
 -6.69000000   0.00000000   8.00000000 
 -6.68000000   0.00000000   8.00000000 
 -6.67000000   0.00000000   8.00000000 
 -6.66000000   0.00000000   8.00000000 
 -6.65000000   0.00000000   8.00000000 
 -6.64000000   0.00000000   8.00000000 
 -6.63000000   0.00000000   8.00000000 
 -6.62000000   0.00000000   8.00000000 
 -6.61000000   0.00000000   8.00000000 
 -6.60000000   0.00000000   8.00000000 
 -6.59000000   0.00000000   8.00000000 
 -6.58000000   0.00000000   8.00000000 
 -6.57000000   0.00000000   8.00000000 
 -6.56000000   0.00000000   8.00000000 
 -6.55000000   0.00000000   8.00000000 
 -6.54000000   0.00000000   8.00000000 
 -6.53000000   0.00000000   8.00000000 
 -6.52000000   0.00000000   8.00000000 
 -6.51000000   0.00000000   8.00000000 
 -6.50000000   0.00000000   8.00000000 
 -6.49000000   0.00000000   8.00000000 
 -6.48000000   0.00000000   8.00000000 
 -6.47000000   0.00000000   8.00000000 
 -6.46000000   0.00000000   8.00000000 
 -6.45000000   0.00000000   8.00000000 
 -6.44000000   0.00000000   8.00000000 
 -6.43000000   0.00000000   8.00000000 
 -6.42000000   0.00000000   8.00000000 
 -6.41000000   0.00000000   8.00000000 
 -6.40000000   0.00000000   8.00000000 
 -6.39000000   0.00000000   8.00000000 
 -6.38000000   0.00000000   8.00000000 
 -6.37000000   0.00000000   8.00000000 
 -6.36000000   0.00000000   8.00000000 
 -6.35000000   0.00000000   8.00000000 
 -6.34000000   0.00000000   8.00000000 
 -6.33000000   0.00000000   8.00000000 
 -6.32000000   0.00000000   8.00000000 
 -6.31000000   0.00000000   8.00000000 
 -6.30000000   0.00000000   8.00000000 
 -6.29000000   0.00000000   8.00000000 
 -6.28000000   0.00000000   8.00000000 
 -6.27000000   0.00103500   8.00000000 
 -6.26000000   0.00472800   8.00000000 
 -6.25000000   0.01110000   8.00000000 
 -6.24000000   0.02015000   8.00000000 
 -6.23000000   0.03188000   8.00100000 
 -6.22000000   0.05440000   8.00100000 
 -6.21000000   0.10020000   8.00200000 
 -6.20000000   0.16950000   8.00300000 
 -6.19000000   0.28190000   8.00500000 
 -6.18000000   0.39830000   8.00900000 
 -6.17000000   0.51740000   8.01300000 
 -6.16000000   0.64600000   8.01900000 
 -6.15000000   0.78380000   8.02600000 
 -6.14000000   0.92160000   8.03500000 
 -6.13000000   1.09000000   8.04500000 
 -6.12000000   1.28400000   8.05700000 
 -6.11000000   1.48300000   8.07000000 
 -6.10000000   1.68900000   8.08600000 
 -6.09000000   1.89400000   8.10400000 
 -6.08000000   2.09700000   8.12400000 
 -6.07000000   2.29800000   8.14600000 
 -6.06000000   2.49600000   8.17000000 
 -6.05000000   2.69200000   8.19600000 
 -6.04000000   2.88600000   8.22400000 
 -6.03000000   3.01700000   8.25400000 
 -6.02000000   3.07800000   8.28400000 
 -6.01000000   3.09300000   8.31500000 
 -6.00000000   2.90900000   8.34500000 
 -5.99000000   2.95500000   8.37400000 
 -5.98000000   3.04900000   8.40400000 
 -5.97000000   3.17000000   8.43500000 
 -5.96000000   3.29200000   8.46700000 
 -5.95000000   3.41400000   8.50100000 
 -5.94000000   3.33500000   8.53400000 
 -5.93000000   3.28800000   8.56800000 
 -5.92000000   3.20300000   8.60000000 
 -5.91000000   3.17100000   8.63200000 
 -5.90000000   3.19000000   8.66400000 
 -5.89000000   3.23800000   8.69600000 
 -5.88000000   3.30700000   8.72800000 
 -5.87000000   3.38100000   8.76200000 
 -5.86000000   3.45800000   8.79600000 
 -5.85000000   3.53700000   8.83100000 
 -5.84000000   3.61800000   8.86700000 
 -5.83000000   3.70200000   8.90300000 
 -5.82000000   3.79000000   8.94100000 
 -5.81000000   3.88200000   8.97900000 
 -5.80000000   3.97700000   9.01900000 
 -5.79000000   4.07700000   9.05900000 
 -5.78000000   4.18100000   9.10000000 
 -5.77000000   4.28900000   9.14200000 
 -5.76000000   4.40000000   9.18600000 
 -5.75000000   5.80000000   9.23500000 
 -5.74000000   6.03800000   9.30300000 
 -5.73000000   6.38000000   9.36500000 
 -5.72000000   6.76700000   9.43100000 
 -5.71000000   8.48600000   9.50900000 
 -5.70000000   9.52500000   9.59900000 
 -5.69000000   9.59100000   9.69500000 
 -5.68000000  10.25000000   9.79400000 
 -5.67000000  10.87000000   9.90000000 
 -5.66000000  10.85000000  10.01000000 
 -5.65000000  10.38000000  10.12000000 
 -5.64000000   9.72300000  10.22000000 
 -5.63000000   9.58700000  10.31000000 
 -5.62000000   9.74600000  10.41000000 
 -5.61000000   9.82200000  10.51000000 
 -5.60000000   9.49800000  10.60000000 
 -5.59000000   8.92700000  10.70000000 
 -5.58000000   8.30400000  10.78000000 
 -5.57000000   7.61100000  10.86000000 
 -5.56000000   7.11600000  10.93000000 
 -5.55000000   7.33500000  11.01000000 
 -5.54000000   6.81300000  11.08000000 
 -5.53000000   6.37200000  11.14000000 
 -5.52000000   6.00300000  11.20000000 
 -5.51000000   5.79900000  11.26000000 
 -5.50000000   5.66200000  11.32000000 
 -5.49000000   5.51200000  11.38000000 
 -5.48000000   5.37800000  11.43000000 
 -5.47000000   4.24000000  11.48000000 
 -5.46000000   4.38100000  11.52000000 
 -5.45000000   4.60600000  11.57000000 
 -5.44000000   4.85300000  11.62000000 
 -5.43000000   5.12300000  11.67000000 
 -5.42000000   5.43900000  11.72000000 
 -5.41000000   5.80600000  11.77000000 
 -5.40000000   5.99800000  11.83000000 
 -5.39000000   6.13800000  11.89000000 
 -5.38000000   6.27200000  11.96000000 
 -5.37000000   6.40000000  12.02000000 
 -5.36000000   6.51200000  12.08000000 
 -5.35000000   6.60800000  12.15000000 
 -5.34000000   6.68800000  12.22000000 
 -5.33000000   6.75200000  12.28000000 
 -5.32000000   7.86100000  12.36000000 
 -5.31000000   8.26100000  12.44000000 
 -5.30000000   7.71200000  12.52000000 
 -5.29000000   7.94100000  12.60000000 
 -5.28000000   7.04200000  12.67000000 
 -5.27000000   8.42000000  12.75000000 
 -5.26000000   8.69700000  12.84000000 
 -5.25000000   5.61500000  12.92000000 
 -5.24000000   5.17900000  12.97000000 
 -5.23000000   5.21600000  13.02000000 
 -5.22000000   4.84400000  13.07000000 
 -5.21000000   4.89600000  13.13000000 
 -5.20000000   3.41100000  13.17000000 
 -5.19000000   3.17400000  13.21000000 
 -5.18000000   3.04500000  13.24000000 
 -5.17000000   2.94300000  13.27000000 
 -5.16000000   2.86900000  13.30000000 
 -5.15000000   2.81600000  13.32000000 
 -5.14000000   2.76400000  13.35000000 
 -5.13000000   2.71300000  13.38000000 
 -5.12000000   2.66100000  13.41000000 
 -5.11000000   2.61000000  13.43000000 
 -5.10000000   2.55800000  13.46000000 
 -5.09000000   2.50700000  13.48000000 
 -5.08000000   2.45600000  13.51000000 
 -5.07000000   2.40400000  13.53000000 
 -5.06000000   2.35300000  13.56000000 
 -5.05000000   2.30200000  13.58000000 
 -5.04000000   2.25100000  13.60000000 
 -5.03000000   2.20200000  13.62000000 
 -5.02000000   2.16000000  13.65000000 
 -5.01000000   2.12700000  13.67000000 
 -5.00000000   2.09700000  13.69000000 
 -4.99000000   2.06600000  13.71000000 
 -4.98000000   2.03600000  13.73000000 
 -4.97000000   2.00500000  13.75000000 
 -4.96000000   1.97500000  13.77000000 
 -4.95000000   1.94900000  13.79000000 
 -4.94000000   1.92700000  13.81000000 
 -4.93000000   1.90800000  13.83000000 
 -4.92000000   1.89000000  13.85000000 
 -4.91000000   1.87500000  13.87000000 
 -4.90000000   1.86200000  13.88000000 
 -4.89000000   1.85000000  13.90000000 
 -4.88000000   1.83700000  13.92000000 
 -4.87000000   1.82500000  13.94000000 
 -4.86000000   1.81200000  13.96000000 
 -4.85000000   1.80000000  13.98000000 
 -4.84000000   1.78700000  13.99000000 
 -4.83000000   1.77500000  14.01000000 
 -4.82000000   1.76300000  14.03000000 
 -4.81000000   1.75000000  14.05000000 
 -4.80000000   1.74100000  14.06000000 
 -4.79000000   1.74000000  14.08000000 
 -4.78000000   1.74400000  14.10000000 
 -4.77000000   1.74700000  14.12000000 
 -4.76000000   1.75100000  14.13000000 
 -4.75000000   1.75400000  14.15000000 
 -4.74000000   1.76100000  14.17000000 
 -4.73000000   1.77100000  14.19000000 
 -4.72000000   1.78300000  14.21000000 
 -4.71000000   1.79700000  14.22000000 
 -4.70000000   1.81200000  14.24000000 
 -4.69000000   1.82600000  14.26000000 
 -4.68000000   1.84100000  14.28000000 
 -4.67000000   1.85600000  14.30000000 
 -4.66000000   1.87100000  14.31000000 
 -4.65000000   1.88700000  14.33000000 
 -4.64000000   1.92700000  14.35000000 
 -4.63000000   1.99700000  14.37000000 
 -4.62000000   2.10100000  14.39000000 
 -4.61000000   2.24200000  14.41000000 
 -4.60000000   2.41600000  14.44000000 
 -4.59000000   2.61900000  14.46000000 
 -4.58000000   2.85500000  14.49000000 
 -4.57000000   3.12700000  14.52000000 
 -4.56000000   3.52700000  14.55000000 
 -4.55000000   3.92600000  14.59000000 
 -4.54000000   4.27300000  14.63000000 
 -4.53000000   4.56900000  14.68000000 
 -4.52000000   4.81300000  14.72000000 
 -4.51000000   5.00600000  14.77000000 
 -4.50000000   5.14800000  14.82000000 
 -4.49000000   5.18300000  14.87000000 
 -4.48000000   5.00100000  14.93000000 
 -4.47000000   4.81000000  14.97000000 
 -4.46000000   4.65100000  15.02000000 
 -4.45000000   4.57300000  15.07000000 
 -4.44000000   4.52000000  15.11000000 
 -4.43000000   4.49300000  15.16000000 
 -4.42000000   4.52500000  15.20000000 
 -4.41000000   4.76300000  15.25000000 
 -4.40000000   5.13200000  15.30000000 
 -4.39000000   5.57400000  15.35000000 
 -4.38000000   6.09000000  15.41000000 
 -4.37000000   6.67800000  15.47000000 
 -4.36000000   7.34000000  15.54000000 
 -4.35000000   8.41500000  15.62000000 
 -4.34000000   8.73200000  15.71000000 
 -4.33000000   8.97900000  15.80000000 
 -4.32000000   9.12000000  15.89000000 
 -4.31000000   9.38600000  15.98000000 
 -4.30000000   9.67900000  16.07000000 
 -4.29000000  10.08000000  16.17000000 
 -4.28000000  10.48000000  16.28000000 
 -4.27000000  10.80000000  16.38000000 
 -4.26000000  13.86000000  16.50000000 
 -4.25000000  13.54000000  16.64000000 
 -4.24000000  14.03000000  16.78000000 
 -4.23000000  16.75000000  16.94000000 
 -4.22000000   7.96400000  17.05000000 
 -4.21000000   8.00600000  17.13000000 
 -4.20000000   8.04100000  17.21000000 
 -4.19000000   7.91000000  17.29000000 
 -4.18000000   7.92700000  17.37000000 
 -4.17000000   8.12400000  17.45000000 
 -4.16000000   8.58500000  17.53000000 
 -4.15000000   9.64300000  17.62000000 
 -4.14000000   6.52900000  17.70000000 
 -4.13000000   6.28400000  17.76000000 
 -4.12000000   6.02100000  17.82000000 
 -4.11000000   5.72700000  17.88000000 
 -4.10000000   5.40500000  17.94000000 
 -4.09000000   5.06400000  17.99000000 
 -4.08000000   4.70300000  18.04000000 
 -4.07000000   4.32400000  18.08000000 
 -4.06000000   3.65800000  18.12000000 
 -4.05000000   3.58900000  18.16000000 
 -4.04000000   3.52000000  18.20000000 
 -4.03000000   3.45100000  18.23000000 
 -4.02000000   3.37800000  18.26000000 
 -4.01000000   3.30600000  18.30000000 
 -4.00000000   3.22900000  18.33000000 
 -3.99000000   3.14800000  18.36000000 
 -3.98000000   3.37900000  18.41000000 
 -3.97000000   3.25500000  18.45000000 
 -3.96000000   3.22800000  18.48000000 
 -3.95000000   3.20200000  18.51000000 
 -3.94000000   3.17500000  18.54000000 
 -3.93000000   3.14800000  18.58000000 
 -3.92000000   3.12000000  18.61000000 
 -3.91000000   3.40000000  18.65000000 
 -3.90000000   3.41600000  18.68000000 
 -3.89000000   3.44400000  18.72000000 
 -3.88000000   3.36000000  18.75000000 
 -3.87000000   3.30700000  18.78000000 
 -3.86000000   3.30800000  18.82000000 
 -3.85000000   3.40500000  18.85000000 
 -3.84000000   3.30500000  18.88000000 
 -3.83000000   3.41300000  18.92000000 
 -3.82000000   3.54200000  18.95000000 
 -3.81000000   3.68000000  18.99000000 
 -3.80000000   3.82700000  19.02000000 
 -3.79000000   3.91400000  19.06000000 
 -3.78000000   4.01100000  19.10000000 
 -3.77000000   4.11900000  19.14000000 
 -3.76000000   4.28600000  19.19000000 
 -3.75000000   4.54900000  19.23000000 
 -3.74000000   4.79700000  19.28000000 
 -3.73000000   5.02900000  19.33000000 
 -3.72000000   5.24600000  19.38000000 
 -3.71000000   5.44800000  19.43000000 
 -3.70000000   5.63400000  19.49000000 
 -3.69000000   5.13300000  19.54000000 
 -3.68000000   5.45800000  19.59000000 
 -3.67000000   5.83900000  19.65000000 
 -3.66000000   6.27500000  19.71000000 
 -3.65000000   7.76800000  19.78000000 
 -3.64000000   8.69000000  19.86000000 
 -3.63000000   9.03500000  19.95000000 
 -3.62000000  11.26000000  20.06000000 
 -3.61000000   8.83300000  20.16000000 
 -3.60000000   8.03900000  20.24000000 
 -3.59000000   8.89800000  20.32000000 
 -3.58000000  13.34000000  20.43000000 
 -3.57000000  13.27000000  20.56000000 
 -3.56000000  14.91000000  20.70000000 
 -3.55000000  14.73000000  20.85000000 
 -3.54000000  14.47000000  21.00000000 
 -3.53000000  13.84000000  21.14000000 
 -3.52000000  12.57000000  21.27000000 
 -3.51000000  10.81000000  21.39000000 
 -3.50000000   9.00700000  21.49000000 
 -3.49000000   7.35100000  21.57000000 
 -3.48000000   5.97600000  21.63000000 
 -3.47000000   4.94200000  21.69000000 
 -3.46000000   4.70900000  21.74000000 
 -3.45000000   4.55400000  21.78000000 
 -3.44000000   4.47400000  21.83000000 
 -3.43000000   4.49900000  21.88000000 
 -3.42000000   4.49100000  21.92000000 
 -3.41000000   4.48400000  21.97000000 
 -3.40000000   4.47900000  22.01000000 
 -3.39000000   4.47400000  22.06000000 
 -3.38000000   4.45900000  22.10000000 
 -3.37000000   4.68000000  22.15000000 
 -3.36000000   4.63700000  22.19000000 
 -3.35000000   4.55800000  22.24000000 
 -3.34000000   4.52100000  22.29000000 
 -3.33000000  10.33000000  22.35000000 
 -3.32000000   5.03800000  22.40000000 
 -3.31000000   5.03300000  22.45000000 
 -3.30000000   5.02700000  22.50000000 
 -3.29000000   5.02200000  22.55000000 
 -3.28000000   5.01600000  22.60000000 
 -3.27000000   4.93800000  22.65000000 
 -3.26000000   4.88900000  22.70000000 
 -3.25000000   4.83500000  22.75000000 
 -3.24000000   4.77700000  22.80000000 
 -3.23000000   4.74300000  22.85000000 
 -3.22000000   4.70800000  22.89000000 
 -3.21000000   4.66700000  22.94000000 
 -3.20000000   4.61100000  22.99000000 
 -3.19000000   4.54000000  23.03000000 
 -3.18000000   4.44300000  23.08000000 
 -3.17000000   4.31800000  23.12000000 
 -3.16000000   4.22200000  23.16000000 
 -3.15000000   4.14900000  23.21000000 
 -3.14000000   4.09600000  23.25000000 
 -3.13000000   4.06700000  23.29000000 
 -3.12000000   4.02100000  23.33000000 
 -3.11000000   3.96400000  23.37000000 
 -3.10000000   3.86000000  23.41000000 
 -3.09000000   3.73400000  23.45000000 
 -3.08000000   3.60100000  23.48000000 
 -3.07000000   3.46200000  23.52000000 
 -3.06000000   3.34200000  23.55000000 
 -3.05000000   3.37200000  23.59000000 
 -3.04000000   3.42900000  23.62000000 
 -3.03000000   3.50300000  23.65000000 
 -3.02000000   3.56800000  23.69000000 
 -3.01000000   3.62500000  23.72000000 
 -3.00000000   3.67300000  23.76000000 
 -2.99000000   3.71300000  23.80000000 
 -2.98000000   3.74500000  23.84000000 
 -2.97000000   3.76700000  23.87000000 
 -2.96000000   3.30800000  23.91000000 
 -2.95000000   3.36300000  23.94000000 
 -2.94000000   3.41800000  23.97000000 
 -2.93000000   3.47400000  24.01000000 
 -2.92000000   3.53000000  24.04000000 
 -2.91000000   3.27500000  24.07000000 
 -2.90000000   3.34900000  24.11000000 
 -2.89000000   3.31600000  24.14000000 
 -2.88000000   3.28600000  24.17000000 
 -2.87000000   3.26000000  24.21000000 
 -2.86000000   3.23700000  24.24000000 
 -2.85000000   3.21800000  24.27000000 
 -2.84000000   3.20200000  24.30000000 
 -2.83000000   3.19000000  24.33000000 
 -2.82000000   3.18200000  24.37000000 
 -2.81000000   3.17700000  24.40000000 
 -2.80000000   3.17500000  24.43000000 
 -2.79000000   3.17700000  24.46000000 
 -2.78000000   3.17900000  24.49000000 
 -2.77000000   3.18100000  24.53000000 
 -2.76000000   3.18400000  24.56000000 
 -2.75000000   3.18700000  24.59000000 
 -2.74000000   3.19000000  24.62000000 
 -2.73000000   3.16700000  24.65000000 
 -2.72000000   2.93100000  24.68000000 
 -2.71000000   2.65900000  24.71000000 
 -2.70000000   2.85500000  24.74000000 
 -2.69000000   3.74300000  24.77000000 
 -2.68000000   4.73900000  24.81000000 
 -2.67000000   5.73000000  24.87000000 
 -2.66000000   3.05600000  24.92000000 
 -2.65000000   2.76000000  24.95000000 
 -2.64000000   2.81400000  24.98000000 
 -2.63000000   2.88900000  25.01000000 
 -2.62000000   2.97800000  25.03000000 
 -2.61000000   3.08000000  25.06000000 
 -2.60000000   3.19500000  25.10000000 
 -2.59000000   3.32300000  25.13000000 
 -2.58000000   3.46500000  25.16000000 
 -2.57000000   3.61900000  25.20000000 
 -2.56000000   3.78700000  25.24000000 
 -2.55000000   3.97600000  25.27000000 
 -2.54000000   4.21200000  25.31000000 
 -2.53000000   4.45000000  25.36000000 
 -2.52000000   5.48600000  25.40000000 
 -2.51000000   6.25500000  25.46000000 
 -2.50000000   6.38600000  25.53000000 
 -2.49000000   6.33800000  25.60000000 
 -2.48000000   6.27100000  25.66000000 
 -2.47000000   6.20800000  25.72000000 
 -2.46000000   6.14800000  25.79000000 
 -2.45000000   6.09300000  25.85000000 
 -2.44000000   6.04300000  25.91000000 
 -2.43000000   6.01000000  25.97000000 
 -2.42000000   6.65000000  26.04000000 
 -2.41000000   6.77100000  26.10000000 
 -2.40000000   6.92500000  26.17000000 
 -2.39000000   7.08000000  26.24000000 
 -2.38000000   7.23300000  26.31000000 
 -2.37000000   7.11300000  26.39000000 
 -2.36000000   7.13400000  26.46000000 
 -2.35000000   7.15500000  26.53000000 
 -2.34000000   7.34900000  26.60000000 
 -2.33000000   7.56600000  26.68000000 
 -2.32000000   8.66300000  26.76000000 
 -2.31000000  10.35000000  26.85000000 
 -2.30000000  10.95000000  26.96000000 
 -2.29000000  10.96000000  27.07000000 
 -2.28000000   9.63200000  27.18000000 
 -2.27000000   9.61300000  27.27000000 
 -2.26000000   9.12000000  27.37000000 
 -2.25000000   8.66100000  27.45000000 
 -2.24000000   8.34500000  27.54000000 
 -2.23000000   8.78600000  27.62000000 
 -2.22000000   9.22400000  27.71000000 
 -2.21000000  10.24000000  27.81000000 
 -2.20000000  10.32000000  27.92000000 
 -2.19000000  10.07000000  28.02000000 
 -2.18000000   9.85000000  28.12000000 
 -2.17000000   9.38400000  28.21000000 
 -2.16000000   8.38500000  28.30000000 
 -2.15000000   7.83100000  28.38000000 
 -2.14000000   7.51500000  28.46000000 
 -2.13000000   7.23100000  28.53000000 
 -2.12000000   6.99000000  28.61000000 
 -2.11000000   6.61700000  28.67000000 
 -2.10000000   6.27900000  28.74000000 
 -2.09000000   5.99400000  28.80000000 
 -2.08000000   5.74200000  28.86000000 
 -2.07000000   5.31800000  28.91000000 
 -2.06000000   4.92900000  28.96000000 
 -2.05000000   4.65400000  29.01000000 
 -2.04000000   4.38200000  29.06000000 
 -2.03000000   4.12900000  29.10000000 
 -2.02000000   3.89400000  29.14000000 
 -2.01000000   3.66000000  29.18000000 
 -2.00000000   3.47400000  29.21000000 
 -1.99000000   3.39600000  29.25000000 
 -1.98000000   3.49300000  29.28000000 
 -1.97000000   4.18000000  29.32000000 
 -1.96000000   4.25200000  29.36000000 
 -1.95000000   4.20100000  29.40000000 
 -1.94000000   4.19800000  29.45000000 
 -1.93000000   4.20000000  29.49000000 
 -1.92000000   4.20200000  29.53000000 
 -1.91000000   4.20300000  29.57000000 
 -1.90000000   4.20500000  29.61000000 
 -1.89000000   4.20600000  29.66000000 
 -1.88000000   4.27200000  29.70000000 
 -1.87000000   4.41100000  29.74000000 
 -1.86000000   4.58100000  29.79000000 
 -1.85000000   4.78100000  29.83000000 
 -1.84000000   4.95600000  29.88000000 
 -1.83000000   5.02600000  29.93000000 
 -1.82000000   5.08500000  29.98000000 
 -1.81000000   5.13400000  30.03000000 
 -1.80000000   5.18900000  30.09000000 
 -1.79000000   5.25400000  30.14000000 
 -1.78000000   5.32900000  30.19000000 
 -1.77000000   5.41500000  30.24000000 
 -1.76000000   5.50400000  30.30000000 
 -1.75000000   5.57600000  30.35000000 
 -1.74000000   5.63000000  30.41000000 
 -1.73000000   5.66600000  30.47000000 
 -1.72000000   5.68600000  30.52000000 
 -1.71000000   5.85400000  30.58000000 
 -1.70000000   6.05300000  30.64000000 
 -1.69000000   5.99200000  30.70000000 
 -1.68000000   6.17700000  30.76000000 
 -1.67000000   6.20500000  30.82000000 
 -1.66000000   6.11500000  30.89000000 
 -1.65000000   5.99000000  30.95000000 
 -1.64000000   5.81700000  31.00000000 
 -1.63000000   5.59500000  31.06000000 
 -1.62000000   5.32200000  31.12000000 
 -1.61000000   4.99900000  31.17000000 
 -1.60000000   4.50800000  31.22000000 
 -1.59000000   4.06400000  31.26000000 
 -1.58000000   3.64900000  31.30000000 
 -1.57000000   3.26500000  31.33000000 
 -1.56000000   2.91300000  31.36000000 
 -1.55000000   2.59400000  31.39000000 
 -1.54000000   2.31700000  31.41000000 
 -1.53000000   2.07700000  31.44000000 
 -1.52000000   1.86900000  31.46000000 
 -1.51000000   1.71400000  31.47000000 
 -1.50000000   1.66700000  31.49000000 
 -1.49000000   1.61900000  31.51000000 
 -1.48000000   1.57100000  31.52000000 
 -1.47000000   1.52400000  31.54000000 
 -1.46000000   1.54000000  31.55000000 
 -1.45000000   1.91400000  31.57000000 
 -1.44000000   2.05700000  31.59000000 
 -1.43000000   2.30000000  31.61000000 
 -1.42000000   2.26400000  31.64000000 
 -1.41000000   2.21500000  31.66000000 
 -1.40000000   2.17800000  31.68000000 
 -1.39000000   2.21800000  31.70000000 
 -1.38000000   2.33100000  31.73000000 
 -1.37000000   2.51000000  31.75000000 
 -1.36000000   2.83000000  31.78000000 
 -1.35000000   3.18400000  31.81000000 
 -1.34000000   3.45900000  31.84000000 
 -1.33000000   3.65300000  31.87000000 
 -1.32000000   3.77600000  31.91000000 
 -1.31000000   3.97700000  31.95000000 
 -1.30000000   4.36600000  31.99000000 
 -1.29000000   4.77200000  32.04000000 
 -1.28000000   5.18600000  32.09000000 
 -1.27000000   5.66900000  32.14000000 
 -1.26000000   6.15500000  32.20000000 
 -1.25000000   6.58300000  32.26000000 
 -1.24000000   6.97200000  32.33000000 
 -1.23000000   8.60300000  32.41000000 
 -1.22000000  11.52000000  32.51000000 
 -1.21000000  15.90000000  32.65000000 
 -1.20000000  14.53000000  32.80000000 
 -1.19000000  12.33000000  32.94000000 
 -1.18000000  10.36000000  33.05000000 
 -1.17000000   8.42900000  33.14000000 
 -1.16000000   5.89200000  33.22000000 
 -1.15000000   5.88900000  33.27000000 
 -1.14000000   5.88500000  33.33000000 
 -1.13000000   5.88000000  33.39000000 
 -1.12000000   5.87400000  33.45000000 
 -1.11000000   5.86800000  33.51000000 
 -1.10000000   5.83400000  33.57000000 
 -1.09000000   5.80500000  33.63000000 
 -1.08000000   5.78400000  33.68000000 
 -1.07000000   5.77200000  33.74000000 
 -1.06000000   5.74500000  33.80000000 
 -1.05000000   5.72000000  33.86000000 
 -1.04000000   5.70800000  33.91000000 
 -1.03000000   5.70100000  33.97000000 
 -1.02000000   5.69400000  34.03000000 
 -1.01000000   5.68600000  34.09000000 
 -1.00000000   5.67900000  34.14000000 
 -0.99000000   5.67200000  34.20000000 
 -0.98000000   5.66400000  34.26000000 
 -0.97000000   5.58400000  34.31000000 
 -0.96000000   5.39600000  34.37000000 
 -0.95000000   5.20900000  34.42000000 
 -0.94000000   5.15200000  34.47000000 
 -0.93000000   5.03300000  34.52000000 
 -0.92000000   4.89000000  34.57000000 
 -0.91000000   4.70300000  34.62000000 
 -0.90000000   4.58600000  34.67000000 
 -0.89000000   4.50300000  34.71000000 
 -0.88000000   4.41400000  34.76000000 
 -0.87000000   4.31900000  34.80000000 
 -0.86000000   4.22500000  34.84000000 
 -0.85000000   4.13000000  34.88000000 
 -0.84000000   4.03500000  34.93000000 
 -0.83000000   3.94000000  34.97000000 
 -0.82000000   3.84400000  35.00000000 
 -0.81000000   3.74800000  35.04000000 
 -0.80000000   3.65200000  35.08000000 
 -0.79000000   3.55600000  35.12000000 
 -0.78000000   3.46000000  35.15000000 
 -0.77000000   3.42400000  35.18000000 
 -0.76000000   3.32500000  35.22000000 
 -0.75000000   3.19500000  35.25000000 
 -0.74000000   3.07300000  35.28000000 
 -0.73000000   2.97100000  35.31000000 
 -0.72000000   2.89500000  35.34000000 
 -0.71000000   2.83900000  35.37000000 
 -0.70000000   2.78300000  35.40000000 
 -0.69000000   2.72800000  35.43000000 
 -0.68000000   2.68000000  35.45000000 
 -0.67000000   2.66400000  35.48000000 
 -0.66000000   2.67100000  35.51000000 
 -0.65000000   2.68200000  35.53000000 
 -0.64000000   2.69400000  35.56000000 
 -0.63000000   2.70700000  35.59000000 
 -0.62000000   2.72100000  35.61000000 
 -0.61000000   3.42900000  35.64000000 
 -0.60000000   3.05600000  35.68000000 
 -0.59000000   1.80600000  35.71000000 
 -0.58000000   1.80800000  35.72000000 
 -0.57000000   1.81100000  35.74000000 
 -0.56000000   2.11100000  35.77000000 
 -0.55000000   1.72400000  35.79000000 
 -0.54000000   0.77530000  35.80000000 
 -0.53000000   0.75610000  35.81000000 
 -0.52000000   0.73710000  35.81000000 
 -0.51000000   0.71830000  35.82000000 
 -0.50000000   1.06100000  35.83000000 
 -0.49000000   0.95100000  35.84000000 
 -0.48000000   0.84610000  35.85000000 
 -0.47000000   0.74610000  35.86000000 
 -0.46000000   0.65100000  35.86000000 
 -0.45000000   0.56080000  35.87000000 
 -0.44000000   0.47560000  35.87000000 
 -0.43000000   0.39530000  35.88000000 
 -0.42000000   0.36990000  35.88000000 
 -0.41000000   0.36690000  35.89000000 
 -0.40000000   0.36400000  35.89000000 
 -0.39000000   0.36110000  35.89000000 
 -0.38000000   0.35820000  35.90000000 
 -0.37000000   0.35520000  35.90000000 
 -0.36000000   0.35230000  35.90000000 
 -0.35000000   0.34940000  35.91000000 
 -0.34000000   0.34650000  35.91000000 
 -0.33000000   0.34350000  35.91000000 
 -0.32000000   0.34060000  35.92000000 
 -0.31000000   0.33770000  35.92000000 
 -0.30000000   0.33480000  35.92000000 
 -0.29000000   0.33180000  35.93000000 
 -0.28000000   0.32890000  35.93000000 
 -0.27000000   0.46270000  35.93000000 
 -0.26000000   0.47810000  35.94000000 
 -0.25000000   0.48960000  35.94000000 
 -0.24000000   0.49740000  35.95000000 
 -0.23000000   0.50130000  35.95000000 
 -0.22000000   0.50150000  35.96000000 
 -0.21000000   0.49780000  35.96000000 
 -0.20000000   0.48270000  35.97000000 
 -0.19000000   0.44070000  35.97000000 
 -0.18000000   0.39930000  35.98000000 
 -0.17000000   0.35850000  35.98000000 
 -0.16000000   0.31830000  35.98000000 
 -0.15000000   0.27880000  35.99000000 
 -0.14000000   0.23990000  35.99000000 
 -0.13000000   0.20170000  35.99000000 
 -0.12000000   0.16400000  35.99000000 
 -0.11000000   0.12700000  36.00000000 
 -0.10000000   0.10200000  36.00000000 
 -0.09000000   0.08254000  36.00000000 
 -0.08000000   0.06518000  36.00000000 
 -0.07000000   0.04986000  36.00000000 
 -0.06000000   0.03659000  36.00000000 
 -0.05000000   0.02537000  36.00000000 
 -0.04000000   0.01620000  36.00000000 
 -0.03000000   0.00907900  36.00000000 
 -0.02000000   0.00400500  36.00000000 
 -0.01000000   0.00097840  36.00000000 
  0.00000000   0.00000000  36.00000000 
  0.01000000   0.00000000  36.00000000 
  0.02000000   0.00000000  36.00000000 
  0.03000000   0.00000000  36.00000000 
  0.04000000   0.00000000  36.00000000 
  0.05000000   0.00000000  36.00000000 
  0.06000000   0.00000000  36.00000000 
  0.07000000   0.00000000  36.00000000 
  0.08000000   0.00000000  36.00000000 
  0.09000000   0.00000000  36.00000000 
  0.10000000   0.00000000  36.00000000 
  0.11000000   0.00000000  36.00000000 
  0.12000000   0.00000000  36.00000000 
  0.13000000   0.00000000  36.00000000 
  0.14000000   0.00000000  36.00000000 
  0.15000000   0.00000000  36.00000000 
  0.16000000   0.00000000  36.00000000 
  0.17000000   0.00000000  36.00000000 
  0.18000000   0.00000000  36.00000000 
  0.19000000   0.00000000  36.00000000 
  0.20000000   0.00000000  36.00000000 
  0.21000000   0.00000000  36.00000000 
  0.22000000   0.00000000  36.00000000 
  0.23000000   0.00000000  36.00000000 
  0.24000000   0.00000000  36.00000000 
  0.25000000   0.00000000  36.00000000 
  0.26000000   0.00000000  36.00000000 
  0.27000000   0.00000000  36.00000000 
  0.28000000   0.00000000  36.00000000 
  0.29000000   0.00000000  36.00000000 
  0.30000000   0.00000000  36.00000000 
  0.31000000   0.00000000  36.00000000 
  0.32000000   0.00000000  36.00000000 
  0.33000000   0.00000000  36.00000000 
  0.34000000   0.00000000  36.00000000 
  0.35000000   0.00000000  36.00000000 
  0.36000000   0.00000000  36.00000000 
  0.37000000   0.00000000  36.00000000 
  0.38000000   0.00000000  36.00000000 
  0.39000000   0.00000000  36.00000000 
  0.40000000   0.00000000  36.00000000 
  0.41000000   0.00000000  36.00000000 
  0.42000000   0.00000000  36.00000000 
  0.43000000   0.00000000  36.00000000 
  0.44000000   0.00000000  36.00000000 
  0.45000000   0.00000000  36.00000000 
  0.46000000   0.00000000  36.00000000 
  0.47000000   0.00000000  36.00000000 
  0.48000000   0.00000000  36.00000000 
  0.49000000   0.00000000  36.00000000 
  0.50000000   0.00000000  36.00000000 
  0.51000000   0.00000000  36.00000000 
  0.52000000   0.00000000  36.00000000 
  0.53000000   0.00000000  36.00000000 
  0.54000000   0.00000000  36.00000000 
  0.55000000   0.00000000  36.00000000 
  0.56000000   0.00000000  36.00000000 
  0.57000000   0.00000000  36.00000000 
  0.58000000   0.00000000  36.00000000 
  0.59000000   0.00000000  36.00000000 
  0.60000000   0.00000000  36.00000000 
  0.61000000   0.00000000  36.00000000 
  0.62000000   0.00000000  36.00000000 
  0.63000000   0.00000000  36.00000000 
  0.64000000   0.00000000  36.00000000 
  0.65000000   0.00000000  36.00000000 
  0.66000000   0.00000000  36.00000000 
  0.67000000   0.00000000  36.00000000 
  0.68000000   0.00000000  36.00000000 
  0.69000000   0.00000000  36.00000000 
  0.70000000   0.00000000  36.00000000 
  0.71000000   0.00000000  36.00000000 
  0.72000000   0.00000000  36.00000000 
  0.73000000   0.00000000  36.00000000 
  0.74000000   0.00000000  36.00000000 
  0.75000000   0.00000000  36.00000000 
  0.76000000   0.00000000  36.00000000 
  0.77000000   0.00000000  36.00000000 
  0.78000000   0.00000000  36.00000000 
  0.79000000   0.00000000  36.00000000 
  0.80000000   0.00000000  36.00000000 
  0.81000000   0.00000000  36.00000000 
  0.82000000   0.00000000  36.00000000 
  0.83000000   0.00000000  36.00000000 
  0.84000000   0.00000000  36.00000000 
  0.85000000   0.00000000  36.00000000 
  0.86000000   0.00000000  36.00000000 
  0.87000000   0.00000000  36.00000000 
  0.88000000   0.00000000  36.00000000 
  0.89000000   0.00000000  36.00000000 
  0.90000000   0.00000000  36.00000000 
  0.91000000   0.00000000  36.00000000 
  0.92000000   0.00000000  36.00000000 
  0.93000000   0.00000000  36.00000000 
  0.94000000   0.00000000  36.00000000 
  0.95000000   0.00000000  36.00000000 
  0.96000000   0.00000000  36.00000000 
  0.97000000   0.00000000  36.00000000 
  0.98000000   0.00000000  36.00000000 
  0.99000000   0.00000000  36.00000000 
  1.00000000   0.00000000  36.00000000 
  1.01000000   0.00000000  36.00000000 
  1.02000000   0.00000000  36.00000000 
  1.03000000   0.00000000  36.00000000 
  1.04000000   0.00000000  36.00000000 
  1.05000000   0.00000000  36.00000000 
  1.06000000   0.00000000  36.00000000 
  1.07000000   0.00000000  36.00000000 
  1.08000000   0.00000000  36.00000000 
  1.09000000   0.00000000  36.00000000 
  1.10000000   0.00000000  36.00000000 
  1.11000000   0.00000000  36.00000000 
  1.12000000   0.00000000  36.00000000 
  1.13000000   0.00000000  36.00000000 
  1.14000000   0.00000000  36.00000000 
  1.15000000   0.00000000  36.00000000 
  1.16000000   0.00000000  36.00000000 
  1.17000000   0.00000000  36.00000000 
  1.18000000   0.00000000  36.00000000 
  1.19000000   0.00000000  36.00000000 
  1.20000000   0.00000000  36.00000000 
  1.21000000   0.00000000  36.00000000 
  1.22000000   0.00000000  36.00000000 
  1.23000000   0.00000000  36.00000000 
  1.24000000   0.00000000  36.00000000 
  1.25000000   0.00000000  36.00000000 
  1.26000000   0.00000000  36.00000000 
  1.27000000   0.00000000  36.00000000 
  1.28000000   0.00000000  36.00000000 
  1.29000000   0.00000000  36.00000000 
  1.30000000   1.39500000  36.00000000 
  1.31000000   0.64200000  36.02000000 
  1.32000000   0.81580000  36.03000000 
  1.33000000   2.97900000  36.05000000 
  1.34000000   1.85800000  36.08000000 
  1.35000000   2.02500000  36.10000000 
  1.36000000   2.20000000  36.12000000 
  1.37000000   2.38200000  36.14000000 
  1.38000000   2.57100000  36.17000000 
  1.39000000   2.76800000  36.19000000 
  1.40000000   2.97200000  36.22000000 
  1.41000000   3.18400000  36.25000000 
  1.42000000   3.75700000  36.29000000 
  1.43000000   4.59800000  36.33000000 
  1.44000000   5.32200000  36.38000000 
  1.45000000   4.37900000  36.42000000 
  1.46000000   4.52400000  36.47000000 
  1.47000000   4.66500000  36.51000000 
  1.48000000   4.81100000  36.56000000 
  1.49000000   4.96300000  36.61000000 
  1.50000000   5.12000000  36.66000000 
  1.51000000   5.28900000  36.71000000 
  1.52000000   5.50300000  36.77000000 
  1.53000000   5.74400000  36.82000000 
  1.54000000   5.99000000  36.88000000 
  1.55000000   6.27300000  36.94000000 
  1.56000000   6.62900000  37.01000000 
  1.57000000   6.85200000  37.08000000 
  1.58000000   7.00400000  37.14000000 
  1.59000000   7.10900000  37.22000000 
  1.60000000   7.16500000  37.29000000 
  1.61000000   7.17500000  37.36000000 
  1.62000000   7.13600000  37.43000000 
  1.63000000   7.05000000  37.50000000 
  1.64000000   6.57400000  37.57000000 
  1.65000000   6.38800000  37.63000000 
  1.66000000   6.18100000  37.70000000 
  1.67000000   8.24300000  37.78000000 
  1.68000000   7.74400000  37.86000000 
  1.69000000   8.56700000  37.94000000 
  1.70000000  12.92000000  38.05000000 
  1.71000000  14.49000000  38.19000000 
  1.72000000  14.01000000  38.36000000 
  1.73000000  17.27000000  38.52000000 
  1.74000000  17.21000000  38.70000000 
  1.75000000  16.55000000  38.86000000 
  1.76000000  15.80000000  39.03000000 
  1.77000000  10.82000000  39.16000000 
  1.78000000   8.27300000  39.26000000 
  1.79000000   6.02300000  39.33000000 
  1.80000000   4.78700000  39.38000000 
  1.81000000   4.00400000  39.43000000 
  1.82000000   3.54700000  39.46000000 
  1.83000000   3.06400000  39.50000000 
  1.84000000   3.00600000  39.53000000 
  1.85000000   3.25100000  39.56000000 
  1.86000000   3.49800000  39.59000000 
  1.87000000   3.73200000  39.63000000 
  1.88000000   3.91000000  39.67000000 
  1.89000000   4.10600000  39.71000000 
  1.90000000   4.35400000  39.75000000 
  1.91000000   4.69000000  39.79000000 
  1.92000000   5.80500000  39.85000000 
  1.93000000   6.97700000  39.91000000 
  1.94000000   7.14900000  39.98000000 
  1.95000000   7.30500000  40.05000000 
  1.96000000   7.41300000  40.13000000 
  1.97000000   7.32500000  40.20000000 
  1.98000000   6.91500000  40.27000000 
  1.99000000   6.46600000  40.34000000 
  2.00000000   6.07800000  40.40000000 
  2.01000000   5.80900000  40.46000000 
  2.02000000   5.71900000  40.52000000 
  2.03000000   5.86400000  40.58000000 
  2.04000000   5.99500000  40.64000000 
  2.05000000   6.11000000  40.70000000 
  2.06000000   6.38500000  40.76000000 
  2.07000000   6.77900000  40.83000000 
  2.08000000   6.96300000  40.89000000 
  2.09000000   7.18200000  40.96000000 
  2.10000000   8.81700000  41.04000000 
  2.11000000   9.66000000  41.13000000 
  2.12000000  10.08000000  41.23000000 
  2.13000000   9.98600000  41.33000000 
  2.14000000  10.31000000  41.44000000 
  2.15000000  10.27000000  41.54000000 
  2.16000000  10.65000000  41.64000000 
  2.17000000  11.14000000  41.75000000 
  2.18000000  10.83000000  41.86000000 
  2.19000000  10.46000000  41.97000000 
  2.20000000  11.37000000  42.08000000 
  2.21000000   8.37300000  42.18000000 
  2.22000000   8.00800000  42.26000000 
  2.23000000   7.68900000  42.34000000 
  2.24000000   7.45300000  42.42000000 
  2.25000000   7.23600000  42.49000000 
  2.26000000   7.03700000  42.56000000 
  2.27000000   6.85800000  42.63000000 
  2.28000000   6.72600000  42.70000000 
  2.29000000   6.67400000  42.78000000 
  2.30000000   6.59100000  42.85000000 
  2.31000000   5.88300000  42.91000000 
  2.32000000   4.77800000  42.97000000 
  2.33000000   4.10600000  43.01000000 
  2.34000000   3.38700000  43.05000000 
  2.35000000   3.04800000  43.08000000 
  2.36000000   3.07300000  43.11000000 
  2.37000000   2.92300000  43.14000000 
  2.38000000   2.96800000  43.17000000 
  2.39000000   2.89600000  43.20000000 
  2.40000000   2.82300000  43.23000000 
  2.41000000   2.74900000  43.26000000 
  2.42000000   2.67300000  43.28000000 
  2.43000000   2.59600000  43.31000000 
  2.44000000   2.51700000  43.34000000 
  2.45000000   2.43700000  43.36000000 
  2.46000000   2.35600000  43.38000000 
  2.47000000   2.27300000  43.41000000 
  2.48000000   2.21200000  43.43000000 
  2.49000000   2.27400000  43.46000000 
  2.50000000   2.15400000  43.48000000 
  2.51000000   2.04500000  43.50000000 
  2.52000000   1.94300000  43.52000000 
  2.53000000   1.84600000  43.54000000 
  2.54000000   1.75400000  43.56000000 
  2.55000000   1.66100000  43.58000000 
  2.56000000   1.56900000  43.59000000 
  2.57000000   1.47600000  43.61000000 
  2.58000000   1.38300000  43.62000000 
  2.59000000   1.29000000  43.64000000 
  2.60000000   1.19700000  43.65000000 
  2.61000000   1.10400000  43.66000000 
  2.62000000   1.01000000  43.67000000 
  2.63000000   0.94500000  43.68000000 
  2.64000000   0.93220000  43.69000000 
  2.65000000   0.94030000  43.70000000 
  2.66000000   0.94910000  43.71000000 
  2.67000000   0.95830000  43.72000000 
  2.68000000   0.96790000  43.73000000 
  2.69000000   0.97810000  43.74000000 
  2.70000000   0.98860000  43.75000000 
  2.71000000   0.99970000  43.76000000 
  2.72000000   1.01100000  43.77000000 
  2.73000000   2.36600000  43.79000000 
  2.74000000   3.03100000  43.82000000 
  2.75000000   3.69700000  43.85000000 
  2.76000000   4.36400000  43.89000000 
  2.77000000   2.56800000  43.93000000 
  2.78000000   1.51500000  43.95000000 
  2.79000000   1.31300000  43.96000000 
  2.80000000   1.13500000  43.97000000 
  2.81000000   0.98030000  43.98000000 
  2.82000000   0.59410000  43.99000000 
  2.83000000   0.34920000  44.00000000 
  2.84000000   0.16910000  44.00000000 
  2.85000000   0.05353000  44.00000000 
  2.86000000   0.00266000  44.00000000 
  2.87000000   0.00000000  44.00000000 
  2.88000000   0.00000000  44.00000000 
  2.89000000   0.00000000  44.00000000 
  2.90000000   0.00000000  44.00000000 
  2.91000000   0.00000000  44.00000000 
  2.92000000   0.00000000  44.00000000 
  2.93000000   0.00000000  44.00000000 
  2.94000000   0.00000000  44.00000000 
  2.95000000   0.00000000  44.00000000 
  2.96000000   0.00000000  44.00000000 
  2.97000000   0.00000000  44.00000000 
  2.98000000   0.00000000  44.00000000 
  2.99000000   0.00000000  44.00000000 
  3.00000000   0.00000000  44.00000000 
  3.01000000   0.00000000  44.00000000 
  3.02000000   0.00000000  44.00000000 
  3.03000000   0.00000000  44.00000000 
  3.04000000   0.00000000  44.00000000 
  3.05000000   0.00000000  44.00000000 
  3.06000000   0.00000000  44.00000000 
  3.07000000   0.00000000  44.00000000 
  3.08000000   0.00000000  44.00000000 
  3.09000000   0.00000000  44.00000000 
  3.10000000   0.00000000  44.00000000 
  3.11000000   0.00000000  44.00000000 
  3.12000000   0.00000000  44.00000000 
  3.13000000   0.00000000  44.00000000 
  3.14000000   0.00000000  44.00000000 
  3.15000000   0.00000000  44.00000000 
  3.16000000   0.00000000  44.00000000 
  3.17000000   0.00000000  44.00000000 
  3.18000000   0.00000000  44.00000000 
  3.19000000   0.00000000  44.00000000 
  3.20000000   0.00000000  44.00000000 
  3.21000000   0.00000000  44.00000000 
  3.22000000   0.00000000  44.00000000 
  3.23000000   0.00000000  44.00000000 
  3.24000000   0.00000000  44.00000000 
  3.25000000   0.00000000  44.00000000 
  3.26000000   0.00000000  44.00000000 
  3.27000000   0.00000000  44.00000000 
  3.28000000   0.00000000  44.00000000 
  3.29000000   0.00000000  44.00000000 
  3.30000000   0.00000000  44.00000000 
  3.31000000   0.00000000  44.00000000 
  3.32000000   0.00000000  44.00000000 
  3.33000000   0.00000000  44.00000000 
  3.34000000   0.00000000  44.00000000 
  3.35000000   0.00000000  44.00000000 
  3.36000000   0.00000000  44.00000000 
  3.37000000   0.00000000  44.00000000 
  3.38000000   0.00000000  44.00000000 
  3.39000000   0.00000000  44.00000000 
  3.40000000   0.00000000  44.00000000 
  3.41000000   0.00000000  44.00000000 
  3.42000000   0.00000000  44.00000000 
  3.43000000   0.00000000  44.00000000 
  3.44000000   0.00000000  44.00000000 
  3.45000000   0.00000000  44.00000000 
  3.46000000   0.00000000  44.00000000 
  3.47000000   0.00000000  44.00000000 
  3.48000000   0.00000000  44.00000000 
  3.49000000   0.00000000  44.00000000 
  3.50000000   0.00000000  44.00000000 
  3.51000000   0.00000000  44.00000000 
  3.52000000   0.00000000  44.00000000 
  3.53000000   0.00000000  44.00000000 
  3.54000000   0.00000000  44.00000000 
  3.55000000   0.00000000  44.00000000 
  3.56000000   0.00000000  44.00000000 
  3.57000000   0.00000000  44.00000000 
  3.58000000   0.00000000  44.00000000 
  3.59000000   0.00000000  44.00000000 
  3.60000000   0.00000000  44.00000000 
  3.61000000   0.00000000  44.00000000 
  3.62000000   0.00000000  44.00000000 
  3.63000000   0.00000000  44.00000000 
  3.64000000   0.00000000  44.00000000 
  3.65000000   0.00000000  44.00000000 
  3.66000000   0.00000000  44.00000000 
  3.67000000   0.00000000  44.00000000 
  3.68000000   0.00000000  44.00000000 
  3.69000000   0.00000000  44.00000000 
  3.70000000   0.00000000  44.00000000 
  3.71000000   0.00000000  44.00000000 
  3.72000000   0.00000000  44.00000000 
  3.73000000   0.00000000  44.00000000 
  3.74000000   0.00000000  44.00000000 
  3.75000000   0.00000000  44.00000000 
  3.76000000   0.00000000  44.00000000 
  3.77000000   0.00000000  44.00000000 
  3.78000000   0.00000000  44.00000000 
  3.79000000   0.00000000  44.00000000 
  3.80000000   0.00000000  44.00000000 
  3.81000000   0.00000000  44.00000000 
  3.82000000   0.00000000  44.00000000 
  3.83000000   0.00000000  44.00000000 
  3.84000000   0.00000000  44.00000000 
  3.85000000   0.00000000  44.00000000 
  3.86000000   0.00000000  44.00000000 
  3.87000000   0.00000000  44.00000000 
  3.88000000   0.00000000  44.00000000 
  3.89000000   0.00000000  44.00000000 
  3.90000000   0.00000000  44.00000000 
  3.91000000   0.00000000  44.00000000 
  3.92000000   0.00000000  44.00000000 
  3.93000000   0.00000000  44.00000000 
  3.94000000   0.00000000  44.00000000 
  3.95000000   0.00000000  44.00000000 
  3.96000000   0.00000000  44.00000000 
  3.97000000   0.00000000  44.00000000 
  3.98000000   0.00000000  44.00000000 
  3.99000000   0.00000000  44.00000000 
  4.00000000   0.00000000  44.00000000 
  4.01000000   0.00000000  44.00000000 
  4.02000000   0.00000000  44.00000000 
  4.03000000   0.00000000  44.00000000 
  4.04000000   0.00000000  44.00000000 
  4.05000000   0.00000000  44.00000000 
  4.06000000   0.00000000  44.00000000 
  4.07000000   0.00000000  44.00000000 
  4.08000000   0.00000000  44.00000000 
  4.09000000   0.00000000  44.00000000 
  4.10000000   0.00000000  44.00000000 
  4.11000000   0.00000000  44.00000000 
  4.12000000   0.00000000  44.00000000 
  4.13000000   0.00000000  44.00000000 
  4.14000000   0.00000000  44.00000000 
  4.15000000   0.00000000  44.00000000 
  4.16000000   0.00000000  44.00000000 
  4.17000000   0.00000000  44.00000000 
  4.18000000   0.00000000  44.00000000 
  4.19000000   0.00000000  44.00000000 
  4.20000000   0.00000000  44.00000000 
  4.21000000   0.00000000  44.00000000 
  4.22000000   0.00000000  44.00000000 
  4.23000000   0.00000000  44.00000000 
  4.24000000   0.00000000  44.00000000 
  4.25000000   0.00000000  44.00000000 
  4.26000000   0.00000000  44.00000000 
  4.27000000   0.00000000  44.00000000 
  4.28000000   0.00000000  44.00000000 
  4.29000000   0.00000000  44.00000000 
  4.30000000   0.00000000  44.00000000 
  4.31000000   0.00000000  44.00000000 
  4.32000000   0.00000000  44.00000000 
  4.33000000   0.00000000  44.00000000 
  4.34000000   0.00000000  44.00000000 
  4.35000000   0.00000000  44.00000000 
  4.36000000   0.00000000  44.00000000 
  4.37000000   0.00000000  44.00000000 
  4.38000000   0.00000000  44.00000000 
  4.39000000   0.00000000  44.00000000 
  4.40000000   0.00000000  44.00000000 
  4.41000000   0.00000000  44.00000000 
  4.42000000   0.00000000  44.00000000 
  4.43000000   0.00000000  44.00000000 
  4.44000000   0.00000000  44.00000000 
  4.45000000   0.00000000  44.00000000 
  4.46000000   0.00000000  44.00000000 
  4.47000000   0.00000000  44.00000000 
  4.48000000   0.00000000  44.00000000 
  4.49000000   0.00000000  44.00000000 
  4.50000000   0.00000000  44.00000000 
  4.51000000   0.00000000  44.00000000 
  4.52000000   0.00000000  44.00000000 
  4.53000000   0.00000000  44.00000000 
  4.54000000   0.00000000  44.00000000 
  4.55000000   0.00000000  44.00000000 
  4.56000000   0.00000000  44.00000000 
  4.57000000   0.00000000  44.00000000 
  4.58000000   0.00000000  44.00000000 
  4.59000000   0.00000000  44.00000000 
  4.60000000   0.00000000  44.00000000 
  4.61000000   0.00000000  44.00000000 
  4.62000000   0.00000000  44.00000000 
  4.63000000   0.00000000  44.00000000 
  4.64000000   0.00000000  44.00000000 
  4.65000000   0.00000000  44.00000000 
  4.66000000   0.00000000  44.00000000 
  4.67000000   0.00000000  44.00000000 
  4.68000000   0.00000000  44.00000000 
  4.69000000   0.00000000  44.00000000 
  4.70000000   0.00000000  44.00000000 
  4.71000000   0.00000000  44.00000000 
  4.72000000   0.00000000  44.00000000 
  4.73000000   0.00000000  44.00000000 
  4.74000000   0.00000000  44.00000000 
  4.75000000   0.00000000  44.00000000 
  4.76000000   0.00000000  44.00000000 
  4.77000000   0.00000000  44.00000000 
  4.78000000   0.00000000  44.00000000 
  4.79000000   0.00000000  44.00000000 
  4.80000000   0.00000000  44.00000000 
  4.81000000   0.00000000  44.00000000 
  4.82000000   0.00000000  44.00000000 
  4.83000000   0.00000000  44.00000000 
  4.84000000   0.00000000  44.00000000 
  4.85000000   0.00000000  44.00000000 
  4.86000000   0.00000000  44.00000000 
  4.87000000   0.00000000  44.00000000 
  4.88000000   0.00000000  44.00000000 
  4.89000000   0.00000000  44.00000000 
  4.90000000   0.00000000  44.00000000 
  4.91000000   0.00000000  44.00000000 
  4.92000000   0.00000000  44.00000000 
  4.93000000   0.00000000  44.00000000 
  4.94000000   0.00000000  44.00000000 
  4.95000000   0.00000000  44.00000000 
  4.96000000   0.00000000  44.00000000 
  4.97000000   0.00000000  44.00000000 
  4.98000000   0.00000000  44.00000000 
  4.99000000   0.00000000  44.00000000 
  5.00000000   0.00000000  44.00000000 
  5.01000000   0.00000000  44.00000000 
  5.02000000   0.00000000  44.00000000 
  5.03000000   0.00000000  44.00000000 
  5.04000000   0.00000000  44.00000000 
  5.05000000   0.00000000  44.00000000 
  5.06000000   0.00000000  44.00000000 
  5.07000000   0.00000000  44.00000000 
  5.08000000   0.00000000  44.00000000 
  5.09000000   0.00000000  44.00000000 
  5.10000000   0.00000000  44.00000000 
  5.11000000   0.00000000  44.00000000 
  5.12000000   0.00000000  44.00000000 
  5.13000000   0.00000000  44.00000000 
  5.14000000   0.00000000  44.00000000 
  5.15000000   0.00000000  44.00000000 
  5.16000000   0.00000000  44.00000000 
  5.17000000   0.00000000  44.00000000 
  5.18000000   0.00000000  44.00000000 
  5.19000000   0.00000000  44.00000000 
  5.20000000   0.00000000  44.00000000 
  5.21000000   0.00000000  44.00000000 
  5.22000000   0.00000000  44.00000000 
  5.23000000   0.00000000  44.00000000 
  5.24000000   0.00000000  44.00000000 
  5.25000000   0.00000000  44.00000000 
  5.26000000   0.00000000  44.00000000 
  5.27000000   0.00000000  44.00000000 
  5.28000000   0.00000000  44.00000000 
  5.29000000   0.00000000  44.00000000 
  5.30000000   0.00000000  44.00000000 
  5.31000000   0.00000000  44.00000000 
  5.32000000   0.00000000  44.00000000 
  5.33000000   0.00000000  44.00000000 
  5.34000000   0.00000000  44.00000000 
  5.35000000   0.00000000  44.00000000 
  5.36000000   0.00000000  44.00000000 
  5.37000000   0.00000000  44.00000000 
  5.38000000   0.00000000  44.00000000 
  5.39000000   0.00000000  44.00000000 
  5.40000000   0.00000000  44.00000000 
  5.41000000   0.00000000  44.00000000 
  5.42000000   0.00000000  44.00000000 
  5.43000000   0.00000000  44.00000000 
  5.44000000   0.00000000  44.00000000 
  5.45000000   0.00000000  44.00000000 
  5.46000000   0.00000000  44.00000000 
  5.47000000   0.00000000  44.00000000 
  5.48000000   0.00000000  44.00000000 
  5.49000000   0.00000000  44.00000000 
  5.50000000   0.00000000  44.00000000 
  5.51000000   0.00000000  44.00000000 
  5.52000000   0.00000000  44.00000000 
  5.53000000   0.00000000  44.00000000 
  5.54000000   0.00000000  44.00000000 
  5.55000000   0.00000000  44.00000000 
  5.56000000   0.00000000  44.00000000 
  5.57000000   0.00000000  44.00000000 
  5.58000000   0.00000000  44.00000000 
  5.59000000   0.00000000  44.00000000 
  5.60000000   0.00000000  44.00000000 
  5.61000000   0.00000000  44.00000000 
  5.62000000   0.00000000  44.00000000 
  5.63000000   0.00000000  44.00000000 
  5.64000000   0.00000000  44.00000000 
  5.65000000   0.00000000  44.00000000 
  5.66000000   0.00000000  44.00000000 
  5.67000000   0.00000000  44.00000000 
  5.68000000   0.00000000  44.00000000 
  5.69000000   0.00000000  44.00000000 
  5.70000000   0.00000000  44.00000000 
  5.71000000   0.00000000  44.00000000 
  5.72000000   0.00000000  44.00000000 
  5.73000000   0.00000000  44.00000000 
  5.74000000   0.00000000  44.00000000 
  5.75000000   0.00000000  44.00000000 
  5.76000000   0.00000000  44.00000000 
  5.77000000   0.00000000  44.00000000 
  5.78000000   0.00000000  44.00000000 
  5.79000000   0.00000000  44.00000000 
  5.80000000   0.00000000  44.00000000 
  5.81000000   0.00000000  44.00000000 
  5.82000000   0.00000000  44.00000000 
  5.83000000   0.00000000  44.00000000 
  5.84000000   0.00000000  44.00000000 
  5.85000000   0.00000000  44.00000000 
  5.86000000   0.00000000  44.00000000 
  5.87000000   0.00000000  44.00000000 
  5.88000000   0.00000000  44.00000000 
  5.89000000   0.00000000  44.00000000 
  5.90000000   0.00000000  44.00000000 
  5.91000000   0.00000000  44.00000000 
  5.92000000   0.00000000  44.00000000 
  5.93000000   0.00000000  44.00000000 
  5.94000000   0.00000000  44.00000000 
  5.95000000   0.00000000  44.00000000 
  5.96000000   0.00000000  44.00000000 
  5.97000000   0.00000000  44.00000000 
  5.98000000   0.00000000  44.00000000 
  5.99000000   0.00000000  44.00000000 
  6.00000000   0.00000000  44.00000000 
  6.01000000   0.00000000  44.00000000 
  6.02000000   0.00000000  44.00000000 
  6.03000000   0.00000000  44.00000000 
  6.04000000   0.00000000  44.00000000 
  6.05000000   0.00000000  44.00000000 
  6.06000000   0.00000000  44.00000000 
  6.07000000   0.00000000  44.00000000 
  6.08000000   0.00000000  44.00000000 
  6.09000000   0.00000000  44.00000000 
  6.10000000   0.00000000  44.00000000 
  6.11000000   0.00000000  44.00000000 
  6.12000000   0.00000000  44.00000000 
  6.13000000   0.00000000  44.00000000 
  6.14000000   0.00000000  44.00000000 
  6.15000000   0.00000000  44.00000000 
  6.16000000   0.00000000  44.00000000 
  6.17000000   0.00000000  44.00000000 
  6.18000000   0.00000000  44.00000000 
  6.19000000   0.00000000  44.00000000 
  6.20000000   0.00000000  44.00000000 
  6.21000000   0.00000000  44.00000000 
  6.22000000   0.00000000  44.00000000 
  6.23000000   0.00000000  44.00000000 
  6.24000000   0.00000000  44.00000000 
  6.25000000   0.00000000  44.00000000 
  6.26000000   0.00000000  44.00000000 
  6.27000000   0.00000000  44.00000000 
  6.28000000   0.00000000  44.00000000 
  6.29000000   0.00000000  44.00000000 
  6.30000000   0.00000000  44.00000000 
  6.31000000   0.00000000  44.00000000 
  6.32000000   0.00000000  44.00000000 
  6.33000000   0.00000000  44.00000000 
  6.34000000   0.00000000  44.00000000 
  6.35000000   0.00000000  44.00000000 
  6.36000000   0.00000000  44.00000000 
  6.37000000   0.00000000  44.00000000 
  6.38000000   0.00000000  44.00000000 
  6.39000000   0.00000000  44.00000000 
  6.40000000   0.00000000  44.00000000 
  6.41000000   0.00000000  44.00000000 
  6.42000000   0.00000000  44.00000000 
  6.43000000   0.00000000  44.00000000 
  6.44000000   0.00000000  44.00000000 
  6.45000000   0.00000000  44.00000000 
  6.46000000   0.00000000  44.00000000 
  6.47000000   0.00000000  44.00000000 
  6.48000000   0.00000000  44.00000000 
  6.49000000   0.00000000  44.00000000 
  6.50000000   0.00000000  44.00000000 
  6.51000000   0.00000000  44.00000000 
  6.52000000   0.00000000  44.00000000 
  6.53000000   0.00000000  44.00000000 
  6.54000000   0.00000000  44.00000000 
  6.55000000   0.00000000  44.00000000 
  6.56000000   0.00000000  44.00000000 
  6.57000000   0.00000000  44.00000000 
  6.58000000   0.00000000  44.00000000 
  6.59000000   0.00000000  44.00000000 
  6.60000000   0.00000000  44.00000000 
  6.61000000   0.00000000  44.00000000 
  6.62000000   0.00000000  44.00000000 
  6.63000000   0.00000000  44.00000000 
  6.64000000   0.00000000  44.00000000 
  6.65000000   0.00000000  44.00000000 
  6.66000000   0.00000000  44.00000000 
  6.67000000   0.00000000  44.00000000 
  6.68000000   0.00000000  44.00000000 
  6.69000000   0.00000000  44.00000000 
  6.70000000   0.00000000  44.00000000 
  6.71000000   0.00000000  44.00000000 
  6.72000000   0.00000000  44.00000000 
  6.73000000   0.00000000  44.00000000 
  6.74000000   0.00000000  44.00000000 
  6.75000000   0.00000000  44.00000000 
  6.76000000   0.00000000  44.00000000 
  6.77000000   0.00000000  44.00000000 
  6.78000000   0.00000000  44.00000000 
  6.79000000   0.00000000  44.00000000 
  6.80000000   0.00000000  44.00000000 
  6.81000000   0.00000000  44.00000000 
  6.82000000   0.00000000  44.00000000 
  6.83000000   0.00000000  44.00000000 
  6.84000000   0.00000000  44.00000000 
  6.85000000   0.00000000  44.00000000 
  6.86000000   0.00000000  44.00000000 
  6.87000000   0.00000000  44.00000000 
  6.88000000   0.00000000  44.00000000 
  6.89000000   0.00000000  44.00000000 
  6.90000000   0.00000000  44.00000000 
  6.91000000   0.00000000  44.00000000 
  6.92000000   0.00000000  44.00000000 
  6.93000000   0.00000000  44.00000000 
  6.94000000   0.00000000  44.00000000 
  6.95000000   0.00000000  44.00000000 
  6.96000000   0.00000000  44.00000000 
  6.97000000   0.00000000  44.00000000 
  6.98000000   0.00000000  44.00000000 
  6.99000000   0.00000000  44.00000000 
  7.00000000   0.00000000  44.00000000 
  7.01000000   0.00000000  44.00000000 
  7.02000000   0.00000000  44.00000000 
  7.03000000   0.00000000  44.00000000 
  7.04000000   0.00000000  44.00000000 
  7.05000000   0.00000000  44.00000000 
  7.06000000   0.00000000  44.00000000 
  7.07000000   0.00000000  44.00000000 
  7.08000000   0.00000000  44.00000000 
  7.09000000   0.00000000  44.00000000 
  7.10000000   0.00000000  44.00000000 
  7.11000000   0.00000000  44.00000000 
  7.12000000   0.00000000  44.00000000 
  7.13000000   0.00000000  44.00000000 
  7.14000000   0.00000000  44.00000000 
  7.15000000   0.00000000  44.00000000 
  7.16000000   0.00000000  44.00000000 
  7.17000000   0.00000000  44.00000000 
  7.18000000   0.00000000  44.00000000 
  7.19000000   0.00000000  44.00000000 
  7.20000000   0.00000000  44.00000000 
  7.21000000   0.00000000  44.00000000 
  7.22000000   0.00000000  44.00000000 
  7.23000000   0.00000000  44.00000000 
  7.24000000   0.00000000  44.00000000 
  7.25000000   0.00000000  44.00000000 
  7.26000000   0.00000000  44.00000000 
  7.27000000   0.00000000  44.00000000 
  7.28000000   0.00000000  44.00000000 
  7.29000000   0.00000000  44.00000000 
  7.30000000   0.00000000  44.00000000 
  7.31000000   0.00000000  44.00000000 
  7.32000000   0.00000000  44.00000000 
  7.33000000   0.00000000  44.00000000 
  7.34000000   0.00000000  44.00000000 
  7.35000000   0.00000000  44.00000000 
  7.36000000   0.00000000  44.00000000 
  7.37000000   0.00000000  44.00000000 
