Automatically generated mesh
     111
Reciprocal lattice
    0.00000000000000    0.00000000000000    0.00000000000000             1
    0.05555555555556   -0.00000000000000    0.00000000000000             6
    0.11111111111111   -0.00000000000000    0.00000000000000             6
    0.16666666666667   -0.00000000000000    0.00000000000000             6
    0.22222222222222    0.00000000000000    0.00000000000000             6
    0.27777777777778    0.00000000000000    0.00000000000000             6
    0.33333333333333    0.00000000000000    0.00000000000000             6
    0.38888888888889    0.00000000000000    0.00000000000000             6
    0.44444444444444    0.00000000000000    0.00000000000000             6
    0.50000000000000    0.00000000000000    0.00000000000000             3
    0.05555555555556    0.05555555555556    0.00000000000000             6
    0.11111111111111    0.05555555555556    0.00000000000000            12
    0.16666666666667    0.05555555555556    0.00000000000000            12
    0.22222222222222    0.05555555555556    0.00000000000000            12
    0.27777777777778    0.05555555555556    0.00000000000000            12
    0.33333333333333    0.05555555555556    0.00000000000000            12
    0.38888888888889    0.05555555555556    0.00000000000000            12
    0.44444444444444    0.05555555555556    0.00000000000000            12
    0.11111111111111    0.11111111111111    0.00000000000000             6
    0.16666666666667    0.11111111111111    0.00000000000000            12
    0.22222222222222    0.11111111111111    0.00000000000000            12
    0.27777777777778    0.11111111111111    0.00000000000000            12
    0.33333333333333    0.11111111111111    0.00000000000000            12
    0.38888888888889    0.11111111111111    0.00000000000000            12
    0.44444444444444    0.11111111111111    0.00000000000000             6
    0.16666666666667    0.16666666666667    0.00000000000000             6
    0.22222222222222    0.16666666666667    0.00000000000000            12
    0.27777777777778    0.16666666666667    0.00000000000000            12
    0.33333333333333    0.16666666666667    0.00000000000000            12
    0.38888888888889    0.16666666666667    0.00000000000000            12
    0.22222222222222    0.22222222222222    0.00000000000000             6
    0.27777777777778    0.22222222222222    0.00000000000000            12
    0.33333333333333    0.22222222222222    0.00000000000000            12
    0.38888888888889    0.22222222222222    0.00000000000000             6
    0.27777777777778    0.27777777777778    0.00000000000000             6
    0.33333333333333    0.27777777777778    0.00000000000000            12
    0.33333333333333    0.33333333333333    0.00000000000000             2
    0.00000000000000    0.00000000000000    0.25000000000000             2
    0.05555555555556   -0.00000000000000    0.25000000000000            12
    0.11111111111111   -0.00000000000000    0.25000000000000            12
    0.16666666666667   -0.00000000000000    0.25000000000000            12
    0.22222222222222    0.00000000000000    0.25000000000000            12
    0.27777777777778    0.00000000000000    0.25000000000000            12
    0.33333333333333    0.00000000000000    0.25000000000000            12
    0.38888888888889    0.00000000000000    0.25000000000000            12
    0.44444444444444    0.00000000000000    0.25000000000000            12
    0.50000000000000    0.00000000000000    0.25000000000000             6
    0.05555555555556    0.05555555555556    0.25000000000000            12
    0.11111111111111    0.05555555555556    0.25000000000000            24
    0.16666666666667    0.05555555555556    0.25000000000000            24
    0.22222222222222    0.05555555555556    0.25000000000000            24
    0.27777777777778    0.05555555555556    0.25000000000000            24
    0.33333333333333    0.05555555555556    0.25000000000000            24
    0.38888888888889    0.05555555555556    0.25000000000000            24
    0.44444444444444    0.05555555555556    0.25000000000000            24
    0.11111111111111    0.11111111111111    0.25000000000000            12
    0.16666666666667    0.11111111111111    0.25000000000000            24
    0.22222222222222    0.11111111111111    0.25000000000000            24
    0.27777777777778    0.11111111111111    0.25000000000000            24
    0.33333333333333    0.11111111111111    0.25000000000000            24
    0.38888888888889    0.11111111111111    0.25000000000000            24
    0.44444444444444    0.11111111111111    0.25000000000000            12
    0.16666666666667    0.16666666666667    0.25000000000000            12
    0.22222222222222    0.16666666666667    0.25000000000000            24
    0.27777777777778    0.16666666666667    0.25000000000000            24
    0.33333333333333    0.16666666666667    0.25000000000000            24
    0.38888888888889    0.16666666666667    0.25000000000000            24
    0.22222222222222    0.22222222222222    0.25000000000000            12
    0.27777777777778    0.22222222222222    0.25000000000000            24
    0.33333333333333    0.22222222222222    0.25000000000000            24
    0.38888888888889    0.22222222222222    0.25000000000000            12
    0.27777777777778    0.27777777777778    0.25000000000000            12
    0.33333333333333    0.27777777777778    0.25000000000000            24
    0.33333333333333    0.33333333333333    0.25000000000000             4
    0.00000000000000    0.00000000000000    0.50000000000000             1
    0.05555555555556   -0.00000000000000    0.50000000000000             6
    0.11111111111111   -0.00000000000000    0.50000000000000             6
    0.16666666666667   -0.00000000000000    0.50000000000000             6
    0.22222222222222    0.00000000000000    0.50000000000000             6
    0.27777777777778    0.00000000000000    0.50000000000000             6
    0.33333333333333    0.00000000000000    0.50000000000000             6
    0.38888888888889    0.00000000000000    0.50000000000000             6
    0.44444444444444    0.00000000000000    0.50000000000000             6
    0.50000000000000    0.00000000000000    0.50000000000000             3
    0.05555555555556    0.05555555555556    0.50000000000000             6
    0.11111111111111    0.05555555555556    0.50000000000000            12
    0.16666666666667    0.05555555555556    0.50000000000000            12
    0.22222222222222    0.05555555555556    0.50000000000000            12
    0.27777777777778    0.05555555555556    0.50000000000000            12
    0.33333333333333    0.05555555555556    0.50000000000000            12
    0.38888888888889    0.05555555555556    0.50000000000000            12
    0.44444444444444    0.05555555555556    0.50000000000000            12
    0.11111111111111    0.11111111111111    0.50000000000000             6
    0.16666666666667    0.11111111111111    0.50000000000000            12
    0.22222222222222    0.11111111111111    0.50000000000000            12
    0.27777777777778    0.11111111111111    0.50000000000000            12
    0.33333333333333    0.11111111111111    0.50000000000000            12
    0.38888888888889    0.11111111111111    0.50000000000000            12
    0.44444444444444    0.11111111111111    0.50000000000000             6
    0.16666666666667    0.16666666666667    0.50000000000000             6
    0.22222222222222    0.16666666666667    0.50000000000000            12
    0.27777777777778    0.16666666666667    0.50000000000000            12
    0.33333333333333    0.16666666666667    0.50000000000000            12
    0.38888888888889    0.16666666666667    0.50000000000000            12
    0.22222222222222    0.22222222222222    0.50000000000000             6
    0.27777777777778    0.22222222222222    0.50000000000000            12
    0.33333333333333    0.22222222222222    0.50000000000000            12
    0.38888888888889    0.22222222222222    0.50000000000000             6
    0.27777777777778    0.27777777777778    0.50000000000000             6
    0.33333333333333    0.27777777777778    0.50000000000000            12
    0.33333333333333    0.33333333333333    0.50000000000000             2
Tetrahedra
      1318    0.00012860082305
         8         2         2        11        39
         8         1         2         2        39
         4         1         2        38        39
         4         2        11        39        48
         8         2        39        39        48
         8         2        38        39        39
         8         3        11        12        48
         8         2         3        11        48
         4         2         3        39        48
         4         3        12        48        49
         8         3        40        48        49
         8         3        39        40        48
         8         4        12        13        49
         8         3         4        12        49
         4         3         4        40        49
         4         4        13        49        50
         8         4        41        49        50
         8         4        40        41        49
         8         5        13        14        50
         8         4         5        13        50
         4         4         5        41        50
         4         5        14        50        51
         8         5        42        50        51
         8         5        41        42        50
         8         6        14        15        51
         8         5         6        14        51
         4         5         6        42        51
         4         6        15        51        52
         8         6        43        51        52
         8         6        42        43        51
         8         7        15        16        52
         8         6         7        15        52
         4         6         7        43        52
         4         7        16        52        53
         8         7        44        52        53
         8         7        43        44        52
         8         8        16        17        53
         8         7         8        16        53
         4         7         8        44        53
         4         8        17        53        54
         8         8        45        53        54
         8         8        44        45        53
         8         9        17        18        54
         8         8         9        17        54
         4         8         9        45        54
         4         9        18        54        55
         8         9        46        54        55
         8         9        45        46        54
         8        10        18        18        55
         8         9        10        18        55
         4         9        10        46        55
         4        10        18        55        55
         4        10        47        55        55
         8        10        46        47        55
         8         9        17        18        55
         4         9        10        47        55
         4         9        17        54        55
         8         9        46        47        55
         8         8        16        17        54
         4         8         9        46        54
         4         8        16        53        54
         8         8        45        46        54
         8         7        15        16        53
         4         7         8        45        53
         4         7        15        52        53
         8         7        44        45        53
         8         6        14        15        52
         4         6         7        44        52
         4         6        14        51        52
         8         6        43        44        52
         8         5        13        14        51
         4         5         6        43        51
         4         5        13        50        51
         8         5        42        43        51
         8         4        12        13        50
         4         4         5        42        50
         4         4        12        49        50
         8         4        41        42        50
         8         3        11        12        49
         4         3         4        41        49
         4         3        11        48        49
         8         3        40        41        49
         4         2         2        11        48
         4         2         3        40        48
         4         2         2        39        48
         8         2        39        40        48
         4         1         2        39        39
         4         1        38        39        39
         8         3        11        12        40
         8         2         3        11        40
         4         2        11        39        40
         4        11        12        40        49
         8        11        40        48        49
         8        11        39        40        48
         8        12        12        19        49
         8        11        12        12        49
         4        11        12        48        49
         4        12        19        49        56
         8        12        49        49        56
         8        12        48        49        49
         8        13        19        20        56
         8        12        13        19        56
         4        12        13        49        56
         4        13        20        56        57
         8        13        50        56        57
         8        13        49        50        56
         8        14        20        21        57
         8        13        14        20        57
         4        13        14        50        57
         4        14        21        57        58
         8        14        51        57        58
         8        14        50        51        57
         8        15        21        22        58
         8        14        15        21        58
         4        14        15        51        58
         4        15        22        58        59
         8        15        52        58        59
         8        15        51        52        58
         8        16        22        23        59
         8        15        16        22        59
         4        15        16        52        59
         4        16        23        59        60
         8        16        53        59        60
         8        16        52        53        59
         8        17        23        24        60
         8        16        17        23        60
         4        16        17        53        60
         4        17        24        60        61
         8        17        54        60        61
         8        17        53        54        60
         8        18        24        25        61
         8        17        18        24        61
         4        17        18        54        61
         4        18        25        61        62
         8        18        55        61        62
         8        18        54        55        61
         8        18        24        25        62
         4        18        18        25        62
         4        18        18        55        62
         4        18        24        61        62
         8        18        55        55        62
         8        17        23        24        61
         4        17        18        55        61
         4        17        23        60        61
         8        17        54        55        61
         8        16        22        23        60
         4        16        17        54        60
         4        16        22        59        60
         8        16        53        54        60
         8        15        21        22        59
         4        15        16        53        59
         4        15        21        58        59
         8        15        52        53        59
         8        14        20        21        58
         4        14        15        52        58
         4        14        20        57        58
         8        14        51        52        58
         8        13        19        20        57
         4        13        14        51        57
         4        13        19        56        57
         8        13        50        51        57
         4        12        12        19        56
         4        12        13        50        56
         4        12        12        49        56
         8        12        49        50        56
         4        11        12        49        49
         4         3        11        40        49
         4        11        48        49        49
         4         2        11        40        48
         8         4        12        13        41
         8         3         4        12        41
         4         3        12        40        41
         4        12        13        41        50
         8        12        41        49        50
         8        12        40        41        49
         8        13        19        20        50
         8        12        13        19        50
         4        12        19        49        50
         4        19        20        50        57
         8        19        50        56        57
         8        19        49        50        56
         8        20        20        26        57
         8        19        20        20        57
         4        19        20        56        57
         4        20        26        57        63
         8        20        57        57        63
         8        20        56        57        57
         8        21        26        27        63
         8        20        21        26        63
         4        20        21        57        63
         4        21        27        63        64
         8        21        58        63        64
         8        21        57        58        63
         8        22        27        28        64
         8        21        22        27        64
         4        21        22        58        64
         4        22        28        64        65
         8        22        59        64        65
         8        22        58        59        64
         8        23        28        29        65
         8        22        23        28        65
         4        22        23        59        65
         4        23        29        65        66
         8        23        60        65        66
         8        23        59        60        65
         8        24        29        30        66
         8        23        24        29        66
         4        23        24        60        66
         4        24        30        66        67
         8        24        61        66        67
         8        24        60        61        66
         8        25        30        30        67
         8        24        25        30        67
         4        24        25        61        67
         4        25        30        67        67
         4        25        62        67        67
         8        25        61        62        67
         8        24        29        30        67
         4        24        25        62        67
         4        24        29        66        67
         8        24        61        62        67
         8        23        28        29        66
         4        23        24        61        66
         4        23        28        65        66
         8        23        60        61        66
         8        22        27        28        65
         4        22        23        60        65
         4        22        27        64        65
         8        22        59        60        65
         8        21        26        27        64
         4        21        22        59        64
         4        21        26        63        64
         8        21        58        59        64
         4        20        20        26        63
         4        20        21        58        63
         4        20        20        57        63
         8        20        57        58        63
         4        19        20        57        57
         4        13        19        50        57
         4        19        56        57        57
         4        12        19        50        56
         4         4        12        41        50
         4         3        12        41        49
         8         5        13        14        42
         8         4         5        13        42
         4         4        13        41        42
         4        13        14        42        51
         8        13        42        50        51
         8        13        41        42        50
         8        14        20        21        51
         8        13        14        20        51
         4        13        20        50        51
         4        20        21        51        58
         8        20        51        57        58
         8        20        50        51        57
         8        21        26        27        58
         8        20        21        26        58
         4        20        26        57        58
         4        26        27        58        64
         8        26        58        63        64
         8        26        57        58        63
         8        27        27        31        64
         8        26        27        27        64
         4        26        27        63        64
         4        27        31        64        68
         8        27        64        64        68
         8        27        63        64        64
         8        28        31        32        68
         8        27        28        31        68
         4        27        28        64        68
         4        28        32        68        69
         8        28        65        68        69
         8        28        64        65        68
         8        29        32        33        69
         8        28        29        32        69
         4        28        29        65        69
         4        29        33        69        70
         8        29        66        69        70
         8        29        65        66        69
         8        30        33        34        70
         8        29        30        33        70
         4        29        30        66        70
         4        30        34        70        71
         8        30        67        70        71
         8        30        66        67        70
         8        30        33        34        71
         4        30        30        34        71
         4        30        30        67        71
         4        30        33        70        71
         8        30        67        67        71
         8        29        32        33        70
         4        29        30        67        70
         4        29        32        69        70
         8        29        66        67        70
         8        28        31        32        69
         4        28        29        66        69
         4        28        31        68        69
         8        28        65        66        69
         4        27        27        31        68
         4        27        28        65        68
         4        27        27        64        68
         8        27        64        65        68
         4        26        27        64        64
         4        21        26        58        64
         4        26        63        64        64
         4        20        26        58        63
         4        14        20        51        58
         4        13        20        51        57
         4         5        13        42        51
         4         4        13        42        50
         8         6        14        15        43
         8         5         6        14        43
         4         5        14        42        43
         4        14        15        43        52
         8        14        43        51        52
         8        14        42        43        51
         8        15        21        22        52
         8        14        15        21        52
         4        14        21        51        52
         4        21        22        52        59
         8        21        52        58        59
         8        21        51        52        58
         8        22        27        28        59
         8        21        22        27        59
         4        21        27        58        59
         4        27        28        59        65
         8        27        59        64        65
         8        27        58        59        64
         8        28        31        32        65
         8        27        28        31        65
         4        27        31        64        65
         4        31        32        65        69
         8        31        65        68        69
         8        31        64        65        68
         8        32        32        35        69
         8        31        32        32        69
         4        31        32        68        69
         4        32        35        69        72
         8        32        69        69        72
         8        32        68        69        69
         8        33        35        36        72
         8        32        33        35        72
         4        32        33        69        72
         4        33        36        72        73
         8        33        70        72        73
         8        33        69        70        72
         8        34        36        36        73
         8        33        34        36        73
         4        33        34        70        73
         4        34        36        73        73
         4        34        71        73        73
         8        34        70        71        73
         8        33        35        36        73
         4        33        34        71        73
         4        33        35        72        73
         8        33        70        71        73
         4        32        32        35        72
         4        32        33        70        72
         4        32        32        69        72
         8        32        69        70        72
         4        31        32        69        69
         4        28        31        65        69
         4        31        68        69        69
         4        27        31        65        68
         4        22        27        59        65
         4        21        27        59        64
         4        15        21        52        59
         4        14        21        52        58
         4         6        14        43        52
         4         5        14        43        51
         8         7        15        16        44
         8         6         7        15        44
         4         6        15        43        44
         4        15        16        44        53
         8        15        44        52        53
         8        15        43        44        52
         8        16        22        23        53
         8        15        16        22        53
         4        15        22        52        53
         4        22        23        53        60
         8        22        53        59        60
         8        22        52        53        59
         8        23        28        29        60
         8        22        23        28        60
         4        22        28        59        60
         4        28        29        60        66
         8        28        60        65        66
         8        28        59        60        65
         8        29        32        33        66
         8        28        29        32        66
         4        28        32        65        66
         4        32        33        66        70
         8        32        66        69        70
         8        32        65        66        69
         8        33        35        36        70
         8        32        33        35        70
         4        32        35        69        70
         4        35        36        70        73
         8        35        70        72        73
         8        35        69        70        72
        16        36        36        37        73
         8        35        36        36        73
         4        35        36        72        73
         8        36        37        73        74
        16        36        73        73        74
         8        36        72        73        73
         8        36        36        37        74
         8        36        36        73        74
         4        35        36        73        73
         4        33        35        70        73
         4        35        72        73        73
         4        32        35        70        72
         4        29        32        66        70
         4        28        32        66        69
         4        23        28        60        66
         4        22        28        60        65
         4        16        22        53        60
         4        15        22        53        59
         4         7        15        44        53
         4         6        15        44        52
         8         8        16        17        45
         8         7         8        16        45
         4         7        16        44        45
         4        16        17        45        54
         8        16        45        53        54
         8        16        44        45        53
         8        17        23        24        54
         8        16        17        23        54
         4        16        23        53        54
         4        23        24        54        61
         8        23        54        60        61
         8        23        53        54        60
         8        24        29        30        61
         8        23        24        29        61
         4        23        29        60        61
         4        29        30        61        67
         8        29        61        66        67
         8        29        60        61        66
         8        30        33        34        67
         8        29        30        33        67
         4        29        33        66        67
         4        33        34        67        71
         8        33        67        70        71
         8        33        66        67        70
         4        34        36        36        71
         8        33        34        36        71
         4        33        36        70        71
         4        36        36        71        73
         8        36        71        73        73
         8        36        70        71        73
         8        36        37        73        73
         8        37        73        73        74
         4        34        36        71        73
         4        33        36        71        73
         4        30        33        67        71
         4        29        33        67        70
         4        24        29        61        67
         4        23        29        61        66
         4        17        23        54        61
         4        16        23        54        60
         4         8        16        45        54
         4         7        16        45        53
         8         9        17        18        46
         8         8         9        17        46
         4         8        17        45        46
         4        17        18        46        55
         8        17        46        54        55
         8        17        45        46        54
         8        18        24        25        55
         8        17        18        24        55
         4        17        24        54        55
         4        24        25        55        62
         8        24        55        61        62
         8        24        54        55        61
         4        25        30        30        62
         8        24        25        30        62
         4        24        30        61        62
         4        30        30        62        67
         8        30        62        67        67
         8        30        61        62        67
         8        30        30        34        67
         4        30        34        67        67
         4        33        34        67        70
         8        34        67        70        71
         4        34        67        67        71
         8        33        34        36        70
         4        34        36        70        71
         4        35        36        70        72
         8        36        70        72        73
         4        35        36        36        72
         4        36        36        72        73
         4        33        36        70        72
         4        34        36        70        73
         4        30        34        67        70
         4        30        34        67        71
         4        25        30        62        67
         4        24        30        62        67
         4        18        24        55        62
         4        17        24        55        61
         4         9        17        46        55
         4         8        17        46        54
         4        10        18        18        47
         8         9        10        18        47
         4         9        18        46        47
         4        18        18        47        55
         8        18        47        55        55
         8        18        46        47        55
         8        18        18        25        55
         4        18        25        55        55
         4        24        25        55        61
         8        25        55        61        62
         4        25        55        55        62
         8        24        25        30        61
         4        25        30        61        62
         4        29        30        61        66
         8        30        61        66        67
         8        29        30        33        66
         4        30        33        66        67
         4        32        33        66        69
         8        33        66        69        70
         8        32        33        35        69
         4        33        35        69        70
         4        32        35        69        69
         4        35        69        69        72
         4        33        35        69        72
         4        29        33        66        69
         4        30        33        66        70
         4        24        30        61        66
         4        25        30        61        67
         4        18        25        55        61
         4        18        25        55        62
         4        10        18        47        55
         4         9        18        47        55
         8         9        10        18        46
         4        10        18        46        47
         4        17        18        46        54
         8        18        46        54        55
         8        17        18        24        54
         4        18        24        54        55
         4        23        24        54        60
         8        24        54        60        61
         8        23        24        29        60
         4        24        29        60        61
         4        28        29        60        65
         8        29        60        65        66
         8        28        29        32        65
         4        29        32        65        66
         4        31        32        65        68
         8        32        65        68        69
         4        31        32        32        68
         4        32        32        68        69
         4        28        32        65        68
         4        29        32        65        69
         4        23        29        60        65
         4        24        29        60        66
         4        17        24        54        60
         4        18        24        54        61
         4         9        18        46        54
         4        10        18        46        55
         8         8         9        17        45
         4         9        17        45        46
         4        16        17        45        53
         8        17        45        53        54
         8        16        17        23        53
         4        17        23        53        54
         4        22        23        53        59
         8        23        53        59        60
         8        22        23        28        59
         4        23        28        59        60
         4        27        28        59        64
         8        28        59        64        65
         8        27        28        31        64
         4        28        31        64        65
         4        27        31        64        64
         4        31        64        64        68
         4        28        31        64        68
         4        22        28        59        64
         4        23        28        59        65
         4        16        23        53        59
         4        17        23        53        60
         4         8        17        45        53
         4         9        17        45        54
         8         7         8        16        44
         4         8        16        44        45
         4        15        16        44        52
         8        16        44        52        53
         8        15        16        22        52
         4        16        22        52        53
         4        21        22        52        58
         8        22        52        58        59
         8        21        22        27        58
         4        22        27        58        59
         4        26        27        58        63
         8        27        58        63        64
         4        26        27        27        63
         4        27        27        63        64
         4        21        27        58        63
         4        22        27        58        64
         4        15        22        52        58
         4        16        22        52        59
         4         7        16        44        52
         4         8        16        44        53
         8         6         7        15        43
         4         7        15        43        44
         4        14        15        43        51
         8        15        43        51        52
         8        14        15        21        51
         4        15        21        51        52
         4        20        21        51        57
         8        21        51        57        58
         8        20        21        26        57
         4        21        26        57        58
         4        20        26        57        57
         4        26        57        57        63
         4        21        26        57        63
         4        14        21        51        57
         4        15        21        51        58
         4         6        15        43        51
         4         7        15        43        52
         8         5         6        14        42
         4         6        14        42        43
         4        13        14        42        50
         8        14        42        50        51
         8        13        14        20        50
         4        14        20        50        51
         4        19        20        50        56
         8        20        50        56        57
         4        19        20        20        56
         4        20        20        56        57
         4        13        20        50        56
         4        14        20        50        57
         4         5        14        42        50
         4         6        14        42        51
         8         4         5        13        41
         4         5        13        41        42
         4        12        13        41        49
         8        13        41        49        50
         8        12        13        19        49
         4        13        19        49        50
         4        12        19        49        49
         4        19        49        49        56
         4        13        19        49        56
         4         4        13        41        49
         4         5        13        41        50
         8         3         4        12        40
         4         4        12        40        41
         4        11        12        40        48
         8        12        40        48        49
         4        11        12        12        48
         4        12        12        48        49
         4         3        12        40        48
         4         4        12        40        49
         8         2         3        11        39
         4         3        11        39        40
         4         2        11        39        39
         4        11        39        39        48
         4         3        11        39        48
         4         1         2         2        38
         4         2         2        38        39
         8        39        39        48        76
         8        38        39        39        76
         4        38        39        75        76
         4        39        48        76        85
         8        39        76        76        85
         8        39        75        76        76
         8        40        48        49        85
         8        39        40        48        85
         4        39        40        76        85
         4        40        49        85        86
         8        40        77        85        86
         8        40        76        77        85
         8        41        49        50        86
         8        40        41        49        86
         4        40        41        77        86
         4        41        50        86        87
         8        41        78        86        87
         8        41        77        78        86
         8        42        50        51        87
         8        41        42        50        87
         4        41        42        78        87
         4        42        51        87        88
         8        42        79        87        88
         8        42        78        79        87
         8        43        51        52        88
         8        42        43        51        88
         4        42        43        79        88
         4        43        52        88        89
         8        43        80        88        89
         8        43        79        80        88
         8        44        52        53        89
         8        43        44        52        89
         4        43        44        80        89
         4        44        53        89        90
         8        44        81        89        90
         8        44        80        81        89
         8        45        53        54        90
         8        44        45        53        90
         4        44        45        81        90
         4        45        54        90        91
         8        45        82        90        91
         8        45        81        82        90
         8        46        54        55        91
         8        45        46        54        91
         4        45        46        82        91
         4        46        55        91        92
         8        46        83        91        92
         8        46        82        83        91
         8        47        55        55        92
         8        46        47        55        92
         4        46        47        83        92
         4        47        55        92        92
         4        47        84        92        92
         8        47        83        84        92
         8        46        54        55        92
         4        46        47        84        92
         4        46        54        91        92
         8        46        83        84        92
         8        45        53        54        91
         4        45        46        83        91
         4        45        53        90        91
         8        45        82        83        91
         8        44        52        53        90
         4        44        45        82        90
         4        44        52        89        90
         8        44        81        82        90
         8        43        51        52        89
         4        43        44        81        89
         4        43        51        88        89
         8        43        80        81        89
         8        42        50        51        88
         4        42        43        80        88
         4        42        50        87        88
         8        42        79        80        88
         8        41        49        50        87
         4        41        42        79        87
         4        41        49        86        87
         8        41        78        79        87
         8        40        48        49        86
         4        40        41        78        86
         4        40        48        85        86
         8        40        77        78        86
         4        39        39        48        85
         4        39        40        77        85
         4        39        39        76        85
         8        39        76        77        85
         4        38        39        76        76
         4        38        75        76        76
         8        40        48        49        77
         8        39        40        48        77
         4        39        48        76        77
         4        48        49        77        86
         8        48        77        85        86
         8        48        76        77        85
         8        49        49        56        86
         8        48        49        49        86
         4        48        49        85        86
         4        49        56        86        93
         8        49        86        86        93
         8        49        85        86        86
         8        50        56        57        93
         8        49        50        56        93
         4        49        50        86        93
         4        50        57        93        94
         8        50        87        93        94
         8        50        86        87        93
         8        51        57        58        94
         8        50        51        57        94
         4        50        51        87        94
         4        51        58        94        95
         8        51        88        94        95
         8        51        87        88        94
         8        52        58        59        95
         8        51        52        58        95
         4        51        52        88        95
         4        52        59        95        96
         8        52        89        95        96
         8        52        88        89        95
         8        53        59        60        96
         8        52        53        59        96
         4        52        53        89        96
         4        53        60        96        97
         8        53        90        96        97
         8        53        89        90        96
         8        54        60        61        97
         8        53        54        60        97
         4        53        54        90        97
         4        54        61        97        98
         8        54        91        97        98
         8        54        90        91        97
         8        55        61        62        98
         8        54        55        61        98
         4        54        55        91        98
         4        55        62        98        99
         8        55        92        98        99
         8        55        91        92        98
         8        55        61        62        99
         4        55        55        62        99
         4        55        55        92        99
         4        55        61        98        99
         8        55        92        92        99
         8        54        60        61        98
         4        54        55        92        98
         4        54        60        97        98
         8        54        91        92        98
         8        53        59        60        97
         4        53        54        91        97
         4        53        59        96        97
         8        53        90        91        97
         8        52        58        59        96
         4        52        53        90        96
         4        52        58        95        96
         8        52        89        90        96
         8        51        57        58        95
         4        51        52        89        95
         4        51        57        94        95
         8        51        88        89        95
         8        50        56        57        94
         4        50        51        88        94
         4        50        56        93        94
         8        50        87        88        94
         4        49        49        56        93
         4        49        50        87        93
         4        49        49        86        93
         8        49        86        87        93
         4        48        49        86        86
         4        40        48        77        86
         4        48        85        86        86
         4        39        48        77        85
         8        41        49        50        78
         8        40        41        49        78
         4        40        49        77        78
         4        49        50        78        87
         8        49        78        86        87
         8        49        77        78        86
         8        50        56        57        87
         8        49        50        56        87
         4        49        56        86        87
         4        56        57        87        94
         8        56        87        93        94
         8        56        86        87        93
         8        57        57        63        94
         8        56        57        57        94
         4        56        57        93        94
         4        57        63        94       100
         8        57        94        94       100
         8        57        93        94        94
         8        58        63        64       100
         8        57        58        63       100
         4        57        58        94       100
         4        58        64       100       101
         8        58        95       100       101
         8        58        94        95       100
         8        59        64        65       101
         8        58        59        64       101
         4        58        59        95       101
         4        59        65       101       102
         8        59        96       101       102
         8        59        95        96       101
         8        60        65        66       102
         8        59        60        65       102
         4        59        60        96       102
         4        60        66       102       103
         8        60        97       102       103
         8        60        96        97       102
         8        61        66        67       103
         8        60        61        66       103
         4        60        61        97       103
         4        61        67       103       104
         8        61        98       103       104
         8        61        97        98       103
         8        62        67        67       104
         8        61        62        67       104
         4        61        62        98       104
         4        62        67       104       104
         4        62        99       104       104
         8        62        98        99       104
         8        61        66        67       104
         4        61        62        99       104
         4        61        66       103       104
         8        61        98        99       104
         8        60        65        66       103
         4        60        61        98       103
         4        60        65       102       103
         8        60        97        98       103
         8        59        64        65       102
         4        59        60        97       102
         4        59        64       101       102
         8        59        96        97       102
         8        58        63        64       101
         4        58        59        96       101
         4        58        63       100       101
         8        58        95        96       101
         4        57        57        63       100
         4        57        58        95       100
         4        57        57        94       100
         8        57        94        95       100
         4        56        57        94        94
         4        50        56        87        94
         4        56        93        94        94
         4        49        56        87        93
         4        41        49        78        87
         4        40        49        78        86
         8        42        50        51        79
         8        41        42        50        79
         4        41        50        78        79
         4        50        51        79        88
         8        50        79        87        88
         8        50        78        79        87
         8        51        57        58        88
         8        50        51        57        88
         4        50        57        87        88
         4        57        58        88        95
         8        57        88        94        95
         8        57        87        88        94
         8        58        63        64        95
         8        57        58        63        95
         4        57        63        94        95
         4        63        64        95       101
         8        63        95       100       101
         8        63        94        95       100
         8        64        64        68       101
         8        63        64        64       101
         4        63        64       100       101
         4        64        68       101       105
         8        64       101       101       105
         8        64       100       101       101
         8        65        68        69       105
         8        64        65        68       105
         4        64        65       101       105
         4        65        69       105       106
         8        65       102       105       106
         8        65       101       102       105
         8        66        69        70       106
         8        65        66        69       106
         4        65        66       102       106
         4        66        70       106       107
         8        66       103       106       107
         8        66       102       103       106
         8        67        70        71       107
         8        66        67        70       107
         4        66        67       103       107
         4        67        71       107       108
         8        67       104       107       108
         8        67       103       104       107
         8        67        70        71       108
         4        67        67        71       108
         4        67        67       104       108
         4        67        70       107       108
         8        67       104       104       108
         8        66        69        70       107
         4        66        67       104       107
         4        66        69       106       107
         8        66       103       104       107
         8        65        68        69       106
         4        65        66       103       106
         4        65        68       105       106
         8        65       102       103       106
         4        64        64        68       105
         4        64        65       102       105
         4        64        64       101       105
         8        64       101       102       105
         4        63        64       101       101
         4        58        63        95       101
         4        63       100       101       101
         4        57        63        95       100
         4        51        57        88        95
         4        50        57        88        94
         4        42        50        79        88
         4        41        50        79        87
         8        43        51        52        80
         8        42        43        51        80
         4        42        51        79        80
         4        51        52        80        89
         8        51        80        88        89
         8        51        79        80        88
         8        52        58        59        89
         8        51        52        58        89
         4        51        58        88        89
         4        58        59        89        96
         8        58        89        95        96
         8        58        88        89        95
         8        59        64        65        96
         8        58        59        64        96
         4        58        64        95        96
         4        64        65        96       102
         8        64        96       101       102
         8        64        95        96       101
         8        65        68        69       102
         8        64        65        68       102
         4        64        68       101       102
         4        68        69       102       106
         8        68       102       105       106
         8        68       101       102       105
         8        69        69        72       106
         8        68        69        69       106
         4        68        69       105       106
         4        69        72       106       109
         8        69       106       106       109
         8        69       105       106       106
         8        70        72        73       109
         8        69        70        72       109
         4        69        70       106       109
         4        70        73       109       110
         8        70       107       109       110
         8        70       106       107       109
         8        71        73        73       110
         8        70        71        73       110
         4        70        71       107       110
         4        71        73       110       110
         4        71       108       110       110
         8        71       107       108       110
         8        70        72        73       110
         4        70        71       108       110
         4        70        72       109       110
         8        70       107       108       110
         4        69        69        72       109
         4        69        70       107       109
         4        69        69       106       109
         8        69       106       107       109
         4        68        69       106       106
         4        65        68       102       106
         4        68       105       106       106
         4        64        68       102       105
         4        59        64        96       102
         4        58        64        96       101
         4        52        58        89        96
         4        51        58        89        95
         4        43        51        80        89
         4        42        51        80        88
         8        44        52        53        81
         8        43        44        52        81
         4        43        52        80        81
         4        52        53        81        90
         8        52        81        89        90
         8        52        80        81        89
         8        53        59        60        90
         8        52        53        59        90
         4        52        59        89        90
         4        59        60        90        97
         8        59        90        96        97
         8        59        89        90        96
         8        60        65        66        97
         8        59        60        65        97
         4        59        65        96        97
         4        65        66        97       103
         8        65        97       102       103
         8        65        96        97       102
         8        66        69        70       103
         8        65        66        69       103
         4        65        69       102       103
         4        69        70       103       107
         8        69       103       106       107
         8        69       102       103       106
         8        70        72        73       107
         8        69        70        72       107
         4        69        72       106       107
         4        72        73       107       110
         8        72       107       109       110
         8        72       106       107       109
        16        73        73        74       110
         8        72        73        73       110
         4        72        73       109       110
         8        73        74       110       111
        16        73       110       110       111
         8        73       109       110       110
         8        73        73        74       111
         8        73        73       110       111
         4        72        73       110       110
         4        70        72       107       110
         4        72       109       110       110
         4        69        72       107       109
         4        66        69       103       107
         4        65        69       103       106
         4        60        65        97       103
         4        59        65        97       102
         4        53        59        90        97
         4        52        59        90        96
         4        44        52        81        90
         4        43        52        81        89
         8        45        53        54        82
         8        44        45        53        82
         4        44        53        81        82
         4        53        54        82        91
         8        53        82        90        91
         8        53        81        82        90
         8        54        60        61        91
         8        53        54        60        91
         4        53        60        90        91
         4        60        61        91        98
         8        60        91        97        98
         8        60        90        91        97
         8        61        66        67        98
         8        60        61        66        98
         4        60        66        97        98
         4        66        67        98       104
         8        66        98       103       104
         8        66        97        98       103
         8        67        70        71       104
         8        66        67        70       104
         4        66        70       103       104
         4        70        71       104       108
         8        70       104       107       108
         8        70       103       104       107
         4        71        73        73       108
         8        70        71        73       108
         4        70        73       107       108
         4        73        73       108       110
         8        73       108       110       110
         8        73       107       108       110
         8        73        74       110       110
         8        74       110       110       111
         4        71        73       108       110
         4        70        73       108       110
         4        67        70       104       108
         4        66        70       104       107
         4        61        66        98       104
         4        60        66        98       103
         4        54        60        91        98
         4        53        60        91        97
         4        45        53        82        91
         4        44        53        82        90
         8        46        54        55        83
         8        45        46        54        83
         4        45        54        82        83
         4        54        55        83        92
         8        54        83        91        92
         8        54        82        83        91
         8        55        61        62        92
         8        54        55        61        92
         4        54        61        91        92
         4        61        62        92        99
         8        61        92        98        99
         8        61        91        92        98
         4        62        67        67        99
         8        61        62        67        99
         4        61        67        98        99
         4        67        67        99       104
         8        67        99       104       104
         8        67        98        99       104
         8        67        67        71       104
         4        67        71       104       104
         4        70        71       104       107
         8        71       104       107       108
         4        71       104       104       108
         8        70        71        73       107
         4        71        73       107       108
         4        72        73       107       109
         8        73       107       109       110
         4        72        73        73       109
         4        73        73       109       110
         4        70        73       107       109
         4        71        73       107       110
         4        67        71       104       107
         4        67        71       104       108
         4        62        67        99       104
         4        61        67        99       104
         4        55        61        92        99
         4        54        61        92        98
         4        46        54        83        92
         4        45        54        83        91
         4        47        55        55        84
         8        46        47        55        84
         4        46        55        83        84
         4        55        55        84        92
         8        55        84        92        92
         8        55        83        84        92
         8        55        55        62        92
         4        55        62        92        92
         4        61        62        92        98
         8        62        92        98        99
         4        62        92        92        99
         8        61        62        67        98
         4        62        67        98        99
         4        66        67        98       103
         8        67        98       103       104
         8        66        67        70       103
         4        67        70       103       104
         4        69        70       103       106
         8        70       103       106       107
         8        69        70        72       106
         4        70        72       106       107
         4        69        72       106       106
         4        72       106       106       109
         4        70        72       106       109
         4        66        70       103       106
         4        67        70       103       107
         4        61        67        98       103
         4        62        67        98       104
         4        55        62        92        98
         4        55        62        92        99
         4        47        55        84        92
         4        46        55        84        92
         8        46        47        55        83
         4        47        55        83        84
         4        54        55        83        91
         8        55        83        91        92
         8        54        55        61        91
         4        55        61        91        92
         4        60        61        91        97
         8        61        91        97        98
         8        60        61        66        97
         4        61        66        97        98
         4        65        66        97       102
         8        66        97       102       103
         8        65        66        69       102
         4        66        69       102       103
         4        68        69       102       105
         8        69       102       105       106
         4        68        69        69       105
         4        69        69       105       106
         4        65        69       102       105
         4        66        69       102       106
         4        60        66        97       102
         4        61        66        97       103
         4        54        61        91        97
         4        55        61        91        98
         4        46        55        83        91
         4        47        55        83        92
         8        45        46        54        82
         4        46        54        82        83
         4        53        54        82        90
         8        54        82        90        91
         8        53        54        60        90
         4        54        60        90        91
         4        59        60        90        96
         8        60        90        96        97
         8        59        60        65        96
         4        60        65        96        97
         4        64        65        96       101
         8        65        96       101       102
         8        64        65        68       101
         4        65        68       101       102
         4        64        68       101       101
         4        68       101       101       105
         4        65        68       101       105
         4        59        65        96       101
         4        60        65        96       102
         4        53        60        90        96
         4        54        60        90        97
         4        45        54        82        90
         4        46        54        82        91
         8        44        45        53        81
         4        45        53        81        82
         4        52        53        81        89
         8        53        81        89        90
         8        52        53        59        89
         4        53        59        89        90
         4        58        59        89        95
         8        59        89        95        96
         8        58        59        64        95
         4        59        64        95        96
         4        63        64        95       100
         8        64        95       100       101
         4        63        64        64       100
         4        64        64       100       101
         4        58        64        95       100
         4        59        64        95       101
         4        52        59        89        95
         4        53        59        89        96
         4        44        53        81        89
         4        45        53        81        90
         8        43        44        52        80
         4        44        52        80        81
         4        51        52        80        88
         8        52        80        88        89
         8        51        52        58        88
         4        52        58        88        89
         4        57        58        88        94
         8        58        88        94        95
         8        57        58        63        94
         4        58        63        94        95
         4        57        63        94        94
         4        63        94        94       100
         4        58        63        94       100
         4        51        58        88        94
         4        52        58        88        95
         4        43        52        80        88
         4        44        52        80        89
         8        42        43        51        79
         4        43        51        79        80
         4        50        51        79        87
         8        51        79        87        88
         8        50        51        57        87
         4        51        57        87        88
         4        56        57        87        93
         8        57        87        93        94
         4        56        57        57        93
         4        57        57        93        94
         4        50        57        87        93
         4        51        57        87        94
         4        42        51        79        87
         4        43        51        79        88
         8        41        42        50        78
         4        42        50        78        79
         4        49        50        78        86
         8        50        78        86        87
         8        49        50        56        86
         4        50        56        86        87
         4        49        56        86        86
         4        56        86        86        93
         4        50        56        86        93
         4        41        50        78        86
         4        42        50        78        87
         8        40        41        49        77
         4        41        49        77        78
         4        48        49        77        85
         8        49        77        85        86
         4        48        49        49        85
         4        49        49        85        86
         4        40        49        77        85
         4        41        49        77        86
         8        39        40        48        76
         4        40        48        76        77
         4        39        48        76        76
         4        48        76        76        85
         4        40        48        76        85
         4        38        39        39        75
         4        39        39        75        76
